5
0.95 3 3
30 90
dirt-slalom-flat:24,27,23
asphalt-straight-hilly:17,15,4
dirt-straight-hilly:13,14,22
asphalt-slalom-hilly:5,28,21
dirt-straight-flat:18,25,30
asphalt-slalom-flat:6,2,9,11,7,8,3,10,1
dirt-slalom-hilly:12,20,19
asphalt-straight-flat:26,29,16
5
mazda:0.15 0.19 0.16 0.02 0.2 0.04 0.0 0.05 0.01 0.1 0.03 0.05 
toyota:0.15 0.09 0.12 0.15 0.04 0.0 0.01 0.02 0.16 0.04 0.16 0.06 
ferarri:0.09 0.13 0.12 0.03 0.14 0.04 0.06 0.16 0.07 0.11 0.02 0.03 
humvee:0.07 0.05 0.05 0.08 0.16 0.07 0.03 0.04 0.07 0.16 0.09 0.13 
go-kart:0.13 0.02 0.13 0.11 0.06 0.1 0.08 0.15 0.04 0.16 0.01 0.01 
5
stig:0.12 0.11 0.06 0.03 0.06 0.05 0.08 0.14 0.13 0.02 0.08 0.12 
schumacher:0.13 0.1 0.09 0.14 0.11 0.05 0.03 0.16 0.09 0.06 0.04 0.0 
anakin:0.1 0.05 0.02 0.02 0.14 0.11 0.1 0.11 0.11 0.09 0.12 0.03 
mushroom:0.15 0.09 0.04 0.1 0.01 0.03 0.02 0.16 0.01 0.2 0.04 0.15 
crash:0.11 0.04 0.15 0.03 0.11 0.1 0.14 0.04 0.17 0.01 0.02 0.08 
all-terrain:0.0 0.09 0.12 0.01 0.14 0.13 0.01 0.1 0.02 0.06 0.13 0.19 
mud:0.09 0.14 0.07 0.2 0.03 0.11 0.16 0.02 0.02 0.1 0.03 0.03 
low-profile:0.1 0.03 0.1 0.01 0.11 0.14 0.1 0.02 0.05 0.07 0.13 0.14 
performance:0.02 0.11 0.09 0.07 0.04 0.07 0.07 0.01 0.08 0.17 0.15 0.12 
2 2 1 1 2 3 1 1 3 3 4 4 1 3 2 1 3 1 2 1 3 3 4 5 3 6 4 2 1 1 1 1 1 2 2 2 1 1 1 1 
0.15 0.1 0.3 0.2 0.1 0.05 0.15 0.1 