5
0.95 3 3
30 90
dirt-slalom-flat:25,18,29
asphalt-straight-hilly:15,20,13
dirt-straight-hilly:12,3,10
asphalt-slalom-hilly:19,2,6
dirt-straight-flat:27,16,22
asphalt-slalom-flat:9,7,26,30,11,4,1,14,21
dirt-slalom-hilly:5,28,17
asphalt-straight-flat:8,23,24
5
mazda:0.13 0.17 0.07 0.04 0.16 0.18 0.02 0.05 0.05 0.04 0.05 0.04 
toyota:0.02 0.14 0.08 0.05 0.03 0.01 0.12 0.08 0.14 0.13 0.1 0.1 
ferarri:0.05 0.09 0.13 0.14 0.02 0.12 0.14 0.08 0.11 0.01 0.05 0.06 
humvee:0.15 0.09 0.1 0.09 0.07 0.03 0.05 0.03 0.15 0.07 0.0 0.17 
go-kart:0.1 0.02 0.11 0.11 0.08 0.02 0.09 0.11 0.09 0.09 0.11 0.07 
5
stig:0.13 0.05 0.06 0.13 0.01 0.15 0.05 0.09 0.02 0.04 0.13 0.14 
schumacher:0.05 0.05 0.12 0.09 0.12 0.11 0.01 0.15 0.09 0.1 0.11 0.0 
anakin:0.15 0.03 0.01 0.06 0.05 0.03 0.11 0.14 0.14 0.06 0.09 0.13 
mushroom:0.11 0.08 0.06 0.1 0.05 0.14 0.13 0.05 0.03 0.11 0.01 0.13 
crash:0.02 0.11 0.1 0.11 0.02 0.04 0.1 0.14 0.03 0.15 0.11 0.07 
all-terrain:0.13 0.04 0.13 0.03 0.01 0.03 0.15 0.12 0.09 0.14 0.13 0.0 
mud:0.02 0.01 0.12 0.1 0.14 0.12 0.13 0.0 0.06 0.06 0.1 0.14 
low-profile:0.11 0.02 0.12 0.06 0.08 0.03 0.02 0.09 0.12 0.17 0.18 0.0 
performance:0.02 0.1 0.11 0.12 0.08 0.07 0.13 0.01 0.13 0.11 0.02 0.1 
2 2 1 1 2 3 1 1 3 3 4 4 1 3 2 1 3 1 2 1 3 3 4 5 3 6 4 2 1 1 1 1 1 2 2 2 1 1 1 1 
0.15 0.1 0.3 0.2 0.1 0.05 0.15 0.1 