5
0.95 3 3
30 90
dirt-slalom-flat:20,22,11
asphalt-straight-hilly:9,6,19
dirt-straight-hilly:26,25,18
asphalt-slalom-hilly:10,27,15
dirt-straight-flat:30,28,4
asphalt-slalom-flat:3,2,24,21,14,17,23,16,1
dirt-slalom-hilly:12,7,29
asphalt-straight-flat:8,13,5
5
mazda:0.06 0.04 0.02 0.03 0.09 0.12 0.13 0.12 0.09 0.0 0.14 0.16 
toyota:0.07 0.01 0.04 0.14 0.0 0.0 0.22 0.21 0.03 0.12 0.04 0.12 
ferarri:0.14 0.14 0.02 0.05 0.12 0.09 0.05 0.0 0.13 0.11 0.06 0.09 
humvee:0.13 0.08 0.17 0.02 0.09 0.12 0.04 0.09 0.1 0.05 0.03 0.08 
go-kart:0.06 0.11 0.11 0.05 0.12 0.12 0.08 0.1 0.04 0.15 0.05 0.01 
5
stig:0.13 0.11 0.06 0.07 0.05 0.15 0.09 0.09 0.11 0.05 0.08 0.01 
schumacher:0.04 0.02 0.03 0.05 0.12 0.12 0.12 0.04 0.17 0.04 0.18 0.07 
anakin:0.11 0.04 0.08 0.01 0.12 0.06 0.04 0.12 0.14 0.12 0.02 0.14 
mushroom:0.1 0.03 0.08 0.15 0.08 0.11 0.07 0.09 0.03 0.13 0.03 0.1 
crash:0.07 0.09 0.16 0.14 0.0 0.07 0.03 0.16 0.05 0.02 0.11 0.1 
all-terrain:0.14 0.12 0.05 0.04 0.09 0.07 0.11 0.13 0.07 0.07 0.01 0.1 
mud:0.08 0.09 0.14 0.16 0.01 0.0 0.04 0.02 0.03 0.12 0.15 0.16 
low-profile:0.03 0.05 0.14 0.17 0.12 0.04 0.13 0.11 0.02 0.03 0.06 0.1 
performance:0.07 0.14 0.13 0.08 0.06 0.07 0.13 0.0 0.19 0.09 0.01 0.03 
2 2 1 1 2 3 1 1 3 3 4 4 1 3 2 1 3 1 2 1 3 3 4 5 3 6 4 2 1 1 1 1 1 2 2 2 1 1 1 1 
0.15 0.1 0.3 0.2 0.1 0.05 0.15 0.1 