5
0.95 3 3
30 90
dirt-slalom-flat:4,21,19
asphalt-straight-hilly:16,9,24
dirt-straight-hilly:23,26,15
asphalt-slalom-hilly:7,11,20
dirt-straight-flat:28,27,22
asphalt-slalom-flat:2,30,13,1,3,29,12,25,14
dirt-slalom-hilly:10,17,6
asphalt-straight-flat:18,5,8
5
mazda:0.1 0.07 0.12 0.16 0.13 0.05 0.01 0.08 0.05 0.06 0.16 0.01 
toyota:0.13 0.11 0.13 0.09 0.05 0.01 0.04 0.03 0.12 0.14 0.03 0.12 
ferarri:0.09 0.05 0.09 0.01 0.07 0.14 0.11 0.09 0.09 0.07 0.05 0.14 
humvee:0.17 0.06 0.14 0.03 0.01 0.13 0.02 0.05 0.02 0.17 0.18 0.02 
go-kart:0.1 0.0 0.11 0.08 0.11 0.11 0.09 0.11 0.05 0.1 0.06 0.08 
5
stig:0.07 0.08 0.1 0.01 0.01 0.05 0.07 0.22 0.1 0.03 0.22 0.04 
schumacher:0.08 0.1 0.12 0.08 0.08 0.1 0.08 0.03 0.06 0.15 0.07 0.05 
anakin:0.1 0.01 0.14 0.09 0.13 0.09 0.09 0.1 0.11 0.02 0.1 0.02 
mushroom:0.11 0.08 0.01 0.09 0.08 0.05 0.04 0.02 0.14 0.18 0.05 0.15 
crash:0.04 0.07 0.08 0.11 0.09 0.07 0.1 0.11 0.12 0.11 0.06 0.04 
all-terrain:0.04 0.13 0.17 0.11 0.06 0.13 0.0 0.05 0.12 0.01 0.03 0.15 
mud:0.03 0.07 0.11 0.12 0.12 0.12 0.02 0.08 0.1 0.03 0.04 0.16 
low-profile:0.02 0.13 0.02 0.15 0.06 0.16 0.05 0.03 0.09 0.02 0.16 0.11 
performance:0.08 0.11 0.13 0.12 0.04 0.16 0.0 0.08 0.07 0.12 0.02 0.07 
2 2 1 1 2 3 1 1 3 3 4 4 1 3 2 1 3 1 2 1 3 3 4 5 3 6 4 2 1 1 1 1 1 2 2 2 1 1 1 1 
0.15 0.1 0.3 0.2 0.1 0.05 0.15 0.1 