5
0.95 3 3
30 90
dirt-slalom-flat:23,21,18
asphalt-straight-hilly:14,3,11
dirt-straight-hilly:10,25,19
asphalt-slalom-hilly:20,27,4
dirt-straight-flat:7,13,26
asphalt-slalom-flat:6,28,5,17,30,9,24,1,15
dirt-slalom-hilly:29,2,16
asphalt-straight-flat:22,12,8
5
mazda:0.12 0.04 0.08 0.01 0.0 0.15 0.04 0.13 0.05 0.11 0.13 0.14 
toyota:0.02 0.11 0.03 0.14 0.1 0.02 0.04 0.14 0.05 0.17 0.02 0.16 
ferarri:0.07 0.18 0.11 0.01 0.13 0.07 0.04 0.11 0.02 0.09 0.03 0.14 
humvee:0.12 0.04 0.07 0.01 0.01 0.11 0.12 0.0 0.16 0.14 0.05 0.17 
go-kart:0.13 0.07 0.0 0.04 0.0 0.02 0.13 0.06 0.13 0.13 0.13 0.16 
5
stig:0.09 0.09 0.06 0.13 0.06 0.1 0.09 0.02 0.15 0.04 0.05 0.12 
schumacher:0.04 0.12 0.1 0.11 0.02 0.15 0.05 0.04 0.1 0.05 0.12 0.1 
anakin:0.12 0.11 0.13 0.06 0.08 0.04 0.13 0.04 0.03 0.09 0.13 0.04 
mushroom:0.04 0.06 0.03 0.1 0.05 0.11 0.17 0.08 0.06 0.08 0.18 0.04 
crash:0.13 0.06 0.01 0.05 0.09 0.21 0.0 0.16 0.04 0.02 0.06 0.17 
all-terrain:0.1 0.02 0.08 0.09 0.08 0.09 0.16 0.17 0.05 0.05 0.09 0.02 
mud:0.07 0.14 0.09 0.15 0.09 0.01 0.1 0.0 0.13 0.04 0.14 0.04 
low-profile:0.06 0.05 0.03 0.08 0.13 0.07 0.13 0.12 0.13 0.1 0.01 0.09 
performance:0.04 0.15 0.1 0.15 0.1 0.02 0.06 0.17 0.0 0.01 0.08 0.12 
2 2 1 1 2 3 1 1 3 3 4 4 1 3 2 1 3 1 2 1 3 3 4 5 3 6 4 2 1 1 1 1 1 2 2 2 1 1 1 1 
0.15 0.1 0.3 0.2 0.1 0.05 0.15 0.1 