5
0.95 3 3
30 90
dirt-slalom-flat:29,26,20
asphalt-straight-hilly:19,1,10
dirt-straight-hilly:3,6,13
asphalt-slalom-hilly:24,7,12
dirt-straight-flat:15,16,8
asphalt-slalom-flat:11,9,2,21,4,5,30,14,23
dirt-slalom-hilly:18,28,17
asphalt-straight-flat:22,25,27
5
mazda:0.09 0.16 0.14 0.08 0.01 0.07 0.05 0.08 0.11 0.08 0.11 0.02 
toyota:0.05 0.04 0.07 0.06 0.14 0.08 0.17 0.11 0.07 0.09 0.08 0.04 
ferarri:0.13 0.02 0.16 0.06 0.01 0.02 0.06 0.08 0.15 0.0 0.16 0.15 
humvee:0.11 0.12 0.12 0.09 0.03 0.06 0.02 0.09 0.11 0.08 0.04 0.13 
go-kart:0.08 0.02 0.06 0.11 0.15 0.14 0.12 0.09 0.06 0.04 0.01 0.12 
5
stig:0.13 0.06 0.03 0.17 0.1 0.08 0.02 0.04 0.0 0.15 0.13 0.09 
schumacher:0.16 0.05 0.07 0.04 0.04 0.03 0.17 0.02 0.04 0.05 0.17 0.16 
anakin:0.05 0.05 0.13 0.09 0.1 0.12 0.0 0.09 0.04 0.05 0.14 0.14 
mushroom:0.0 0.06 0.16 0.07 0.01 0.01 0.13 0.13 0.15 0.06 0.1 0.12 
crash:0.11 0.05 0.02 0.12 0.1 0.12 0.07 0.05 0.04 0.1 0.09 0.13 
all-terrain:0.01 0.06 0.0 0.01 0.09 0.11 0.15 0.11 0.12 0.12 0.06 0.16 
mud:0.0 0.05 0.06 0.05 0.0 0.13 0.17 0.12 0.17 0.04 0.06 0.15 
low-profile:0.14 0.01 0.17 0.04 0.04 0.02 0.12 0.1 0.07 0.06 0.15 0.08 
performance:0.11 0.07 0.1 0.09 0.05 0.07 0.1 0.1 0.06 0.07 0.11 0.07 
2 2 1 1 2 3 1 1 3 3 4 4 1 3 2 1 3 1 2 1 3 3 4 5 3 6 4 2 1 1 1 1 1 2 2 2 1 1 1 1 
0.15 0.1 0.3 0.2 0.1 0.05 0.15 0.1 