5
0.95 3 3
30 90
dirt-slalom-flat:9,17,26
asphalt-straight-hilly:30,6,4
dirt-straight-hilly:13,27,22
asphalt-slalom-hilly:15,24,8
dirt-straight-flat:1,3,14
asphalt-slalom-flat:19,2,20,16,18,10,23,5,11
dirt-slalom-hilly:7,21,29
asphalt-straight-flat:12,25,28
5
mazda:0.16 0.1 0.02 0.09 0.05 0.06 0.0 0.05 0.13 0.16 0.14 0.04 
toyota:0.04 0.07 0.07 0.11 0.04 0.09 0.12 0.12 0.09 0.04 0.1 0.11 
ferarri:0.14 0.11 0.01 0.06 0.06 0.11 0.06 0.06 0.14 0.08 0.1 0.07 
humvee:0.12 0.01 0.14 0.08 0.12 0.1 0.03 0.06 0.07 0.05 0.12 0.1 
go-kart:0.11 0.13 0.01 0.06 0.03 0.16 0.07 0.04 0.12 0.06 0.06 0.15 
5
stig:0.01 0.02 0.15 0.1 0.16 0.11 0.1 0.13 0.16 0.0 0.03 0.03 
schumacher:0.02 0.07 0.0 0.02 0.05 0.11 0.09 0.16 0.12 0.14 0.1 0.12 
anakin:0.14 0.05 0.04 0.0 0.13 0.12 0.08 0.15 0.14 0.06 0.02 0.07 
mushroom:0.08 0.16 0.08 0.13 0.04 0.16 0.05 0.06 0.0 0.02 0.11 0.11 
crash:0.13 0.11 0.03 0.12 0.09 0.11 0.1 0.05 0.02 0.02 0.14 0.08 
all-terrain:0.12 0.16 0.03 0.07 0.03 0.08 0.11 0.1 0.03 0.09 0.08 0.1 
mud:0.11 0.11 0.07 0.08 0.09 0.09 0.07 0.09 0.13 0.02 0.08 0.06 
low-profile:0.09 0.0 0.05 0.08 0.1 0.04 0.15 0.09 0.1 0.13 0.03 0.14 
performance:0.14 0.03 0.03 0.19 0.02 0.09 0.2 0.02 0.13 0.05 0.0 0.1 
2 2 1 1 2 3 1 1 3 3 4 4 1 3 2 1 3 1 2 1 3 3 4 5 3 6 4 2 1 1 1 1 1 2 2 2 1 1 1 1 
0.15 0.1 0.3 0.2 0.1 0.05 0.15 0.1 