5
0.95 3 3
30 90
dirt-slalom-flat:22,9,24
asphalt-straight-hilly:8,12,20
dirt-straight-hilly:30,1,14
asphalt-slalom-hilly:13,5,23
dirt-straight-flat:28,10,2
asphalt-slalom-flat:25,19,21,3,4,16,15,29,11
dirt-slalom-hilly:17,18,27
asphalt-straight-flat:7,6,26
5
mazda:0.07 0.0 0.07 0.13 0.11 0.01 0.08 0.13 0.13 0.08 0.09 0.1 
toyota:0.05 0.13 0.09 0.01 0.06 0.13 0.11 0.1 0.08 0.1 0.03 0.11 
ferarri:0.16 0.11 0.0 0.06 0.04 0.08 0.12 0.14 0.09 0.11 0.06 0.03 
humvee:0.05 0.16 0.11 0.14 0.01 0.06 0.07 0.11 0.02 0.14 0.02 0.11 
go-kart:0.05 0.19 0.11 0.04 0.16 0.01 0.01 0.06 0.02 0.09 0.1 0.16 
5
stig:0.01 0.08 0.16 0.17 0.0 0.16 0.03 0.04 0.16 0.14 0.04 0.01 
schumacher:0.07 0.05 0.0 0.13 0.14 0.1 0.11 0.08 0.03 0.1 0.1 0.09 
anakin:0.07 0.04 0.16 0.07 0.04 0.12 0.08 0.14 0.08 0.09 0.09 0.02 
mushroom:0.04 0.04 0.02 0.12 0.09 0.04 0.16 0.02 0.18 0.16 0.01 0.12 
crash:0.08 0.11 0.1 0.05 0.1 0.06 0.06 0.12 0.1 0.1 0.07 0.05 
all-terrain:0.03 0.14 0.07 0.02 0.12 0.1 0.03 0.1 0.13 0.16 0.01 0.09 
mud:0.09 0.06 0.15 0.05 0.09 0.03 0.03 0.01 0.11 0.14 0.14 0.1 
low-profile:0.14 0.14 0.07 0.04 0.07 0.07 0.11 0.03 0.0 0.13 0.14 0.06 
performance:0.08 0.02 0.06 0.02 0.13 0.19 0.1 0.04 0.18 0.1 0.01 0.07 
2 2 1 1 2 3 1 1 3 3 4 4 1 3 2 1 3 1 2 1 3 3 4 5 3 6 4 2 1 1 1 1 1 2 2 2 1 1 1 1 
0.15 0.1 0.3 0.2 0.1 0.05 0.15 0.1 