5
0.95 3 3
30 90
dirt-slalom-flat:18,13,1
asphalt-straight-hilly:10,23,2
dirt-straight-hilly:24,11,9
asphalt-slalom-hilly:15,25,19
dirt-straight-flat:17,3,26
asphalt-slalom-flat:21,7,6,27,28,16,12,29,14
dirt-slalom-hilly:20,8,30
asphalt-straight-flat:5,4,22
5
mazda:0.05 0.03 0.17 0.04 0.05 0.0 0.15 0.15 0.09 0.08 0.05 0.14 
toyota:0.12 0.07 0.13 0.05 0.05 0.08 0.05 0.02 0.11 0.12 0.16 0.04 
ferarri:0.13 0.05 0.07 0.05 0.13 0.1 0.09 0.09 0.06 0.02 0.08 0.13 
humvee:0.2 0.09 0.02 0.15 0.16 0.04 0.14 0.02 0.07 0.03 0.03 0.05 
go-kart:0.07 0.09 0.01 0.04 0.06 0.13 0.13 0.15 0.1 0.05 0.1 0.07 
5
stig:0.03 0.08 0.02 0.11 0.15 0.15 0.05 0.08 0.03 0.07 0.13 0.1 
schumacher:0.04 0.08 0.11 0.08 0.11 0.08 0.13 0.09 0.03 0.05 0.09 0.11 
anakin:0.09 0.08 0.13 0.07 0.04 0.07 0.03 0.03 0.1 0.09 0.15 0.12 
mushroom:0.14 0.14 0.08 0.02 0.03 0.06 0.13 0.14 0.06 0.03 0.12 0.05 
crash:0.08 0.06 0.01 0.05 0.12 0.07 0.04 0.11 0.16 0.08 0.19 0.03 
all-terrain:0.07 0.1 0.12 0.01 0.08 0.13 0.07 0.04 0.12 0.11 0.13 0.02 
mud:0.11 0.04 0.03 0.05 0.15 0.06 0.06 0.07 0.12 0.16 0.01 0.14 
low-profile:0.06 0.14 0.14 0.08 0.14 0.09 0.0 0.1 0.07 0.13 0.02 0.03 
performance:0.09 0.03 0.07 0.15 0.05 0.11 0.15 0.04 0.11 0.03 0.11 0.06 
2 2 1 1 2 3 1 1 3 3 4 4 1 3 2 1 3 1 2 1 3 3 4 5 3 6 4 2 1 1 1 1 1 2 2 2 1 1 1 1 
0.15 0.1 0.3 0.2 0.1 0.05 0.15 0.1 