5
0.95 3 3
30 90
dirt-slalom-flat:14,12,28
asphalt-straight-hilly:1,5,26
dirt-straight-hilly:22,19,2
asphalt-slalom-hilly:16,20,27
dirt-straight-flat:30,11,10
asphalt-slalom-flat:7,8,18,13,23,29,6,17,15
dirt-slalom-hilly:3,24,9
asphalt-straight-flat:21,4,25
5
mazda:0.11 0.01 0.14 0.14 0.06 0.09 0.08 0.05 0.14 0.11 0.06 0.01 
toyota:0.1 0.15 0.06 0.09 0.06 0.13 0.11 0.01 0.02 0.13 0.04 0.1 
ferarri:0.05 0.09 0.04 0.18 0.02 0.01 0.02 0.15 0.09 0.17 0.09 0.09 
humvee:0.01 0.04 0.15 0.08 0.01 0.01 0.09 0.1 0.18 0.08 0.15 0.1 
go-kart:0.06 0.17 0.02 0.13 0.14 0.13 0.01 0.01 0.09 0.07 0.09 0.08 
5
stig:0.11 0.13 0.08 0.08 0.06 0.07 0.1 0.11 0.08 0.06 0.05 0.07 
schumacher:0.1 0.04 0.15 0.11 0.06 0.17 0.03 0.11 0.06 0.0 0.13 0.04 
anakin:0.09 0.1 0.01 0.04 0.05 0.07 0.16 0.08 0.11 0.13 0.14 0.02 
mushroom:0.12 0.01 0.02 0.15 0.03 0.06 0.05 0.13 0.12 0.14 0.06 0.11 
crash:0.02 0.02 0.01 0.13 0.17 0.03 0.13 0.08 0.05 0.17 0.02 0.17 
all-terrain:0.16 0.01 0.13 0.06 0.02 0.2 0.11 0.0 0.1 0.08 0.06 0.07 
mud:0.13 0.07 0.13 0.04 0.1 0.0 0.04 0.09 0.05 0.12 0.16 0.07 
low-profile:0.11 0.1 0.07 0.05 0.11 0.08 0.02 0.13 0.09 0.09 0.05 0.1 
performance:0.13 0.13 0.15 0.09 0.08 0.08 0.09 0.06 0.07 0.01 0.05 0.06 
2 2 1 1 2 3 1 1 3 3 4 4 1 3 2 1 3 1 2 1 3 3 4 5 3 6 4 2 1 1 1 1 1 2 2 2 1 1 1 1 
0.15 0.1 0.3 0.2 0.1 0.05 0.15 0.1 