5
0.95 3 3
30 90
dirt-slalom-flat:17,19,23
asphalt-straight-hilly:11,18,27
dirt-straight-hilly:10,25,21
asphalt-slalom-hilly:12,26,4
dirt-straight-flat:6,16,14
asphalt-slalom-flat:22,29,30,1,15,20,8,2,3
dirt-slalom-hilly:24,13,5
asphalt-straight-flat:9,7,28
5
mazda:0.01 0.03 0.0 0.09 0.15 0.03 0.13 0.18 0.05 0.17 0.15 0.01 
toyota:0.02 0.11 0.07 0.14 0.15 0.07 0.06 0.06 0.06 0.09 0.04 0.13 
ferarri:0.1 0.11 0.06 0.09 0.06 0.05 0.11 0.05 0.03 0.12 0.12 0.1 
humvee:0.12 0.05 0.06 0.08 0.11 0.04 0.02 0.12 0.1 0.15 0.06 0.09 
go-kart:0.1 0.09 0.09 0.02 0.03 0.06 0.09 0.15 0.1 0.07 0.04 0.16 
5
stig:0.09 0.07 0.06 0.05 0.08 0.12 0.11 0.11 0.11 0.12 0.06 0.02 
schumacher:0.04 0.07 0.05 0.04 0.16 0.1 0.07 0.1 0.13 0.1 0.09 0.05 
anakin:0.13 0.06 0.15 0.12 0.02 0.08 0.14 0.11 0.01 0.04 0.06 0.08 
mushroom:0.02 0.03 0.16 0.15 0.15 0.09 0.11 0.09 0.03 0.07 0.04 0.06 
crash:0.06 0.05 0.13 0.09 0.07 0.12 0.12 0.05 0.04 0.09 0.12 0.06 
all-terrain:0.09 0.05 0.16 0.02 0.04 0.12 0.09 0.12 0.14 0.06 0.04 0.07 
mud:0.02 0.13 0.11 0.05 0.1 0.07 0.06 0.1 0.09 0.1 0.15 0.02 
low-profile:0.06 0.14 0.04 0.03 0.07 0.11 0.14 0.14 0.04 0.03 0.13 0.07 
performance:0.11 0.07 0.09 0.13 0.06 0.06 0.11 0.03 0.12 0.05 0.11 0.06 
2 2 1 1 2 3 1 1 3 3 4 4 1 3 2 1 3 1 2 1 3 3 4 5 3 6 4 2 1 1 1 1 1 2 2 2 1 1 1 1 
0.15 0.1 0.3 0.2 0.1 0.05 0.15 0.1 