5
0.95 3 3
30 90
dirt-slalom-flat:27,18,3
asphalt-straight-hilly:15,20,12
dirt-straight-hilly:26,10,23
asphalt-slalom-hilly:9,28,4
dirt-straight-flat:19,21,13
asphalt-slalom-flat:2,17,30,25,8,5,24,7,22
dirt-slalom-hilly:11,16,1
asphalt-straight-flat:29,6,14
5
mazda:0.08 0.1 0.04 0.1 0.05 0.03 0.13 0.01 0.16 0.12 0.07 0.11 
toyota:0.05 0.15 0.03 0.11 0.13 0.16 0.05 0.02 0.01 0.15 0.1 0.04 
ferarri:0.04 0.0 0.06 0.07 0.15 0.04 0.07 0.14 0.08 0.08 0.2 0.07 
humvee:0.03 0.2 0.03 0.09 0.22 0.0 0.17 0.03 0.02 0.12 0.09 0.0 
go-kart:0.11 0.03 0.05 0.1 0.07 0.1 0.0 0.04 0.18 0.08 0.07 0.17 
5
stig:0.07 0.17 0.12 0.05 0.12 0.0 0.17 0.06 0.1 0.08 0.02 0.04 
schumacher:0.03 0.06 0.04 0.09 0.13 0.13 0.1 0.1 0.09 0.08 0.08 0.07 
anakin:0.08 0.1 0.17 0.12 0.16 0.06 0.05 0.02 0.02 0.15 0.03 0.04 
mushroom:0.11 0.02 0.15 0.11 0.04 0.14 0.12 0.08 0.1 0.07 0.03 0.03 
crash:0.15 0.1 0.01 0.1 0.1 0.11 0.0 0.13 0.08 0.04 0.05 0.13 
all-terrain:0.0 0.08 0.02 0.07 0.17 0.11 0.02 0.13 0.09 0.13 0.1 0.08 
mud:0.11 0.02 0.02 0.09 0.03 0.02 0.15 0.11 0.18 0.14 0.12 0.01 
low-profile:0.08 0.15 0.03 0.11 0.13 0.11 0.05 0.0 0.11 0.11 0.07 0.05 
performance:0.03 0.07 0.03 0.08 0.13 0.04 0.08 0.12 0.02 0.06 0.18 0.16 
2 2 1 1 2 3 1 1 3 3 4 4 1 3 2 1 3 1 2 1 3 3 4 5 3 6 4 2 1 1 1 1 1 2 2 2 1 1 1 1 
0.15 0.1 0.3 0.2 0.1 0.05 0.15 0.1 