5
0.95 3 3
30 90
dirt-slalom-flat:4,25,7
asphalt-straight-hilly:10,29,1
dirt-straight-hilly:30,2,16
asphalt-slalom-hilly:17,19,15
dirt-straight-flat:6,8,9
asphalt-slalom-flat:23,21,3,11,28,22,20,27,13
dirt-slalom-hilly:5,14,12
asphalt-straight-flat:18,24,26
5
mazda:0.15 0.08 0.02 0.08 0.05 0.08 0.08 0.12 0.15 0.0 0.12 0.07 
toyota:0.14 0.13 0.1 0.12 0.02 0.17 0.02 0.06 0.11 0.04 0.07 0.02 
ferarri:0.19 0.04 0.06 0.03 0.16 0.02 0.11 0.06 0.06 0.11 0.02 0.14 
humvee:0.14 0.06 0.03 0.11 0.03 0.09 0.0 0.06 0.07 0.15 0.12 0.14 
go-kart:0.1 0.19 0.04 0.05 0.07 0.03 0.11 0.06 0.09 0.03 0.07 0.16 
5
stig:0.04 0.1 0.04 0.15 0.1 0.07 0.11 0.09 0.04 0.16 0.04 0.06 
schumacher:0.19 0.14 0.09 0.09 0.04 0.01 0.06 0.14 0.02 0.05 0.08 0.09 
anakin:0.08 0.08 0.1 0.13 0.07 0.12 0.1 0.11 0.04 0.01 0.08 0.08 
mushroom:0.11 0.09 0.1 0.12 0.12 0.08 0.08 0.1 0.0 0.13 0.02 0.05 
crash:0.14 0.12 0.11 0.05 0.13 0.01 0.07 0.06 0.1 0.02 0.09 0.1 
all-terrain:0.08 0.13 0.1 0.08 0.03 0.02 0.13 0.11 0.1 0.07 0.07 0.08 
mud:0.09 0.03 0.13 0.12 0.08 0.15 0.11 0.03 0.04 0.07 0.13 0.02 
low-profile:0.12 0.1 0.1 0.03 0.12 0.09 0.11 0.14 0.06 0.05 0.05 0.03 
performance:0.11 0.1 0.14 0.12 0.09 0.1 0.08 0.09 0.01 0.01 0.03 0.12 
2 2 1 1 2 3 1 1 3 3 4 4 1 3 2 1 3 1 2 1 3 3 4 5 3 6 4 2 1 1 1 1 1 2 2 2 1 1 1 1 
0.15 0.1 0.3 0.2 0.1 0.05 0.15 0.1 