5
0.95 3 3
30 90
dirt-slalom-flat:3,19,26
asphalt-straight-hilly:9,28,27
dirt-straight-hilly:25,29,5
asphalt-slalom-hilly:15,14,23
dirt-straight-flat:11,2,17
asphalt-slalom-flat:21,18,4,8,6,7,1,24,10
dirt-slalom-hilly:30,13,12
asphalt-straight-flat:20,22,16
5
mazda:0.01 0.09 0.1 0.05 0.14 0.09 0.11 0.07 0.12 0.04 0.13 0.05 
toyota:0.05 0.11 0.1 0.12 0.05 0.06 0.11 0.07 0.1 0.02 0.12 0.09 
ferarri:0.18 0.12 0.13 0.03 0.16 0.05 0.03 0.16 0.07 0.02 0.0 0.05 
humvee:0.04 0.01 0.02 0.05 0.05 0.15 0.13 0.12 0.08 0.15 0.1 0.1 
go-kart:0.01 0.06 0.03 0.12 0.03 0.2 0.02 0.01 0.11 0.1 0.18 0.13 
5
stig:0.08 0.12 0.1 0.06 0.06 0.13 0.03 0.06 0.08 0.13 0.08 0.07 
schumacher:0.13 0.01 0.08 0.03 0.11 0.05 0.07 0.1 0.19 0.09 0.02 0.12 
anakin:0.18 0.06 0.05 0.12 0.01 0.05 0.12 0.14 0.14 0.02 0.01 0.1 
mushroom:0.06 0.09 0.1 0.08 0.09 0.13 0.03 0.12 0.14 0.0 0.12 0.04 
crash:0.08 0.14 0.1 0.0 0.02 0.12 0.15 0.11 0.03 0.08 0.11 0.06 
all-terrain:0.03 0.17 0.03 0.02 0.07 0.16 0.09 0.16 0.1 0.03 0.12 0.02 
mud:0.05 0.06 0.12 0.07 0.06 0.06 0.02 0.11 0.12 0.15 0.17 0.01 
low-profile:0.14 0.13 0.03 0.09 0.1 0.04 0.11 0.06 0.01 0.18 0.02 0.09 
performance:0.13 0.05 0.09 0.13 0.12 0.09 0.11 0.04 0.07 0.01 0.1 0.06 
2 2 1 1 2 3 1 1 3 3 4 4 1 3 2 1 3 1 2 1 3 3 4 5 3 6 4 2 1 1 1 1 1 2 2 2 1 1 1 1 
0.15 0.1 0.3 0.2 0.1 0.05 0.15 0.1 