5
0.95 3 3
30 90
dirt-slalom-flat:5,27,30
asphalt-straight-hilly:12,26,22
dirt-straight-hilly:10,18,2
asphalt-slalom-hilly:24,15,11
dirt-straight-flat:20,23,29
asphalt-slalom-flat:3,14,1,28,17,4,21,25,13
dirt-slalom-hilly:8,16,6
asphalt-straight-flat:19,9,7
5
mazda:0.11 0.07 0.0 0.14 0.2 0.07 0.07 0.09 0.03 0.09 0.01 0.12 
toyota:0.16 0.03 0.03 0.08 0.14 0.06 0.06 0.02 0.07 0.13 0.12 0.1 
ferarri:0.03 0.17 0.1 0.13 0.12 0.14 0.02 0.02 0.0 0.0 0.13 0.14 
humvee:0.08 0.03 0.12 0.09 0.13 0.02 0.06 0.16 0.09 0.09 0.1 0.03 
go-kart:0.06 0.15 0.05 0.07 0.15 0.09 0.06 0.06 0.13 0.07 0.0 0.11 
5
stig:0.0 0.0 0.09 0.18 0.03 0.01 0.11 0.04 0.03 0.15 0.25 0.11 
schumacher:0.01 0.09 0.12 0.14 0.01 0.08 0.05 0.04 0.18 0.02 0.08 0.18 
anakin:0.02 0.15 0.03 0.13 0.1 0.15 0.12 0.1 0.02 0.06 0.08 0.04 
mushroom:0.02 0.08 0.03 0.12 0.06 0.1 0.05 0.05 0.21 0.15 0.02 0.11 
crash:0.03 0.09 0.12 0.09 0.1 0.09 0.03 0.12 0.07 0.13 0.01 0.12 
all-terrain:0.12 0.02 0.07 0.07 0.11 0.11 0.09 0.02 0.17 0.04 0.13 0.05 
mud:0.11 0.16 0.12 0.07 0.13 0.08 0.03 0.09 0.14 0.03 0.02 0.02 
low-profile:0.06 0.2 0.08 0.14 0.04 0.01 0.06 0.07 0.06 0.13 0.11 0.04 
performance:0.11 0.04 0.1 0.08 0.11 0.05 0.01 0.08 0.13 0.12 0.05 0.12 
2 2 1 1 2 3 1 1 3 3 4 4 1 3 2 1 3 1 2 1 3 3 4 5 3 6 4 2 1 1 1 1 1 2 2 2 1 1 1 1 
0.15 0.1 0.3 0.2 0.1 0.05 0.15 0.1 