5
0.95 3 3
30 90
dirt-slalom-flat:16,2,27
asphalt-straight-hilly:15,29,28
dirt-straight-hilly:30,13,17
asphalt-slalom-hilly:19,26,4
dirt-straight-flat:23,3,24
asphalt-slalom-flat:25,22,9,21,8,6,14,12,10
dirt-slalom-hilly:18,5,1
asphalt-straight-flat:11,7,20
5
mazda:0.16 0.06 0.11 0.11 0.01 0.13 0.09 0.02 0.1 0.08 0.08 0.05 
toyota:0.12 0.1 0.03 0.05 0.1 0.12 0.07 0.12 0.04 0.07 0.06 0.12 
ferarri:0.15 0.05 0.16 0.02 0.1 0.04 0.1 0.08 0.01 0.14 0.11 0.04 
humvee:0.03 0.06 0.08 0.03 0.06 0.16 0.15 0.14 0.02 0.0 0.11 0.16 
go-kart:0.03 0.16 0.1 0.15 0.04 0.02 0.03 0.15 0.05 0.13 0.11 0.03 
5
stig:0.16 0.16 0.12 0.04 0.13 0.01 0.04 0.11 0.04 0.07 0.07 0.05 
schumacher:0.13 0.0 0.15 0.08 0.01 0.09 0.12 0.02 0.09 0.1 0.15 0.06 
anakin:0.14 0.02 0.02 0.03 0.11 0.15 0.13 0.09 0.16 0.05 0.06 0.04 
mushroom:0.18 0.14 0.02 0.15 0.09 0.03 0.01 0.15 0.04 0.03 0.11 0.05 
crash:0.05 0.02 0.07 0.11 0.09 0.04 0.18 0.12 0.18 0.02 0.09 0.03 
all-terrain:0.1 0.03 0.04 0.08 0.17 0.12 0.03 0.15 0.06 0.15 0.06 0.01 
mud:0.05 0.12 0.1 0.05 0.13 0.12 0.01 0.08 0.05 0.07 0.12 0.1 
low-profile:0.11 0.11 0.05 0.03 0.07 0.07 0.15 0.0 0.02 0.16 0.14 0.09 
performance:0.15 0.12 0.01 0.07 0.08 0.09 0.09 0.1 0.06 0.11 0.05 0.07 
2 2 1 1 2 3 1 1 3 3 4 4 1 3 2 1 3 1 2 1 3 3 4 5 3 6 4 2 1 1 1 1 1 2 2 2 1 1 1 1 
0.15 0.1 0.3 0.2 0.1 0.05 0.15 0.1 