5
0.95 3 3
30 90
dirt-slalom-flat:8,2,3
asphalt-straight-hilly:9,26,1
dirt-straight-hilly:29,5,28
asphalt-slalom-hilly:11,7,10
dirt-straight-flat:4,24,16
asphalt-slalom-flat:25,27,22,6,15,19,21,14,18
dirt-slalom-hilly:12,20,13
asphalt-straight-flat:17,23,30
5
mazda:0.08 0.11 0.07 0.13 0.1 0.02 0.04 0.09 0.11 0.11 0.06 0.08 
toyota:0.04 0.14 0.13 0.12 0.15 0.08 0.08 0.03 0.08 0.02 0.1 0.03 
ferarri:0.11 0.0 0.06 0.09 0.15 0.04 0.11 0.12 0.1 0.04 0.13 0.05 
humvee:0.14 0.01 0.16 0.03 0.12 0.03 0.14 0.06 0.04 0.04 0.07 0.16 
go-kart:0.09 0.08 0.06 0.01 0.16 0.02 0.16 0.2 0.05 0.06 0.01 0.1 
5
stig:0.12 0.07 0.14 0.11 0.07 0.12 0.06 0.15 0.01 0.04 0.11 0.0 
schumacher:0.11 0.09 0.07 0.08 0.06 0.06 0.11 0.07 0.14 0.12 0.01 0.08 
anakin:0.0 0.1 0.06 0.06 0.12 0.13 0.09 0.04 0.18 0.0 0.16 0.06 
mushroom:0.03 0.1 0.07 0.14 0.12 0.13 0.01 0.0 0.04 0.16 0.05 0.15 
crash:0.13 0.02 0.05 0.07 0.1 0.08 0.09 0.07 0.1 0.14 0.1 0.05 
all-terrain:0.06 0.01 0.18 0.01 0.11 0.02 0.08 0.1 0.13 0.04 0.19 0.07 
mud:0.02 0.06 0.1 0.04 0.11 0.03 0.11 0.15 0.08 0.07 0.13 0.1 
low-profile:0.16 0.04 0.06 0.18 0.05 0.04 0.02 0.04 0.18 0.08 0.0 0.15 
performance:0.12 0.15 0.09 0.1 0.12 0.02 0.14 0.04 0.08 0.13 0.0 0.01 
2 2 1 1 2 3 1 1 3 3 4 4 1 3 2 1 3 1 2 1 3 3 4 5 3 6 4 2 1 1 1 1 1 2 2 2 1 1 1 1 
0.15 0.1 0.3 0.2 0.1 0.05 0.15 0.1 