5
0.95 3 3
30 90
dirt-slalom-flat:13,20,2
asphalt-straight-hilly:10,4,7
dirt-straight-hilly:15,9,29
asphalt-slalom-hilly:25,27,17
dirt-straight-flat:5,23,14
asphalt-slalom-flat:6,19,12,3,16,22,11,28,26
dirt-slalom-hilly:24,21,30
asphalt-straight-flat:18,1,8
5
mazda:0.12 0.1 0.1 0.05 0.12 0.15 0.04 0.06 0.12 0.0 0.05 0.09 
toyota:0.03 0.12 0.03 0.03 0.14 0.01 0.13 0.12 0.13 0.16 0.08 0.02 
ferarri:0.12 0.1 0.11 0.04 0.05 0.01 0.04 0.16 0.15 0.07 0.02 0.13 
humvee:0.04 0.08 0.14 0.07 0.17 0.05 0.16 0.13 0.03 0.08 0.03 0.02 
go-kart:0.04 0.11 0.14 0.14 0.01 0.14 0.12 0.03 0.04 0.05 0.08 0.1 
5
stig:0.14 0.11 0.17 0.14 0.14 0.01 0.0 0.11 0.08 0.08 0.0 0.02 
schumacher:0.15 0.05 0.12 0.13 0.05 0.09 0.12 0.14 0.01 0.03 0.05 0.06 
anakin:0.09 0.03 0.15 0.02 0.15 0.09 0.06 0.06 0.15 0.04 0.08 0.08 
mushroom:0.01 0.11 0.03 0.04 0.05 0.04 0.16 0.14 0.13 0.1 0.05 0.14 
crash:0.13 0.09 0.04 0.12 0.14 0.05 0.11 0.02 0.08 0.11 0.1 0.01 
all-terrain:0.1 0.1 0.03 0.12 0.07 0.02 0.13 0.04 0.13 0.05 0.1 0.11 
mud:0.01 0.13 0.05 0.13 0.09 0.06 0.04 0.06 0.13 0.13 0.14 0.03 
low-profile:0.06 0.05 0.07 0.01 0.16 0.08 0.12 0.06 0.16 0.16 0.06 0.01 
performance:0.22 0.05 0.02 0.18 0.01 0.09 0.02 0.03 0.04 0.14 0.12 0.08 
2 2 1 1 2 3 1 1 3 3 4 4 1 3 2 1 3 1 2 1 3 3 4 5 3 6 4 2 1 1 1 1 1 2 2 2 1 1 1 1 
0.15 0.1 0.3 0.2 0.1 0.05 0.15 0.1 