5
0.95 3 3
30 90
dirt-slalom-flat:6,29,2
asphalt-straight-hilly:22,20,11
dirt-straight-hilly:10,18,24
asphalt-slalom-hilly:1,17,7
dirt-straight-flat:23,27,21
asphalt-slalom-flat:14,9,5,15,30,8,3,16,26
dirt-slalom-hilly:28,19,12
asphalt-straight-flat:25,13,4
5
mazda:0.1 0.02 0.08 0.05 0.12 0.03 0.11 0.1 0.12 0.11 0.11 0.05 
toyota:0.01 0.17 0.0 0.03 0.16 0.04 0.07 0.12 0.17 0.03 0.07 0.13 
ferarri:0.06 0.0 0.23 0.09 0.17 0.02 0.07 0.04 0.19 0.12 0.01 0.0 
humvee:0.11 0.08 0.1 0.03 0.05 0.09 0.05 0.12 0.11 0.06 0.11 0.09 
go-kart:0.07 0.05 0.11 0.07 0.16 0.18 0.01 0.18 0.0 0.1 0.01 0.06 
5
stig:0.14 0.17 0.06 0.02 0.06 0.03 0.08 0.07 0.08 0.09 0.11 0.09 
schumacher:0.07 0.08 0.02 0.16 0.16 0.0 0.13 0.1 0.09 0.02 0.1 0.07 
anakin:0.06 0.07 0.02 0.15 0.0 0.06 0.16 0.13 0.12 0.08 0.13 0.02 
mushroom:0.01 0.12 0.14 0.03 0.1 0.14 0.09 0.17 0.14 0.02 0.02 0.02 
crash:0.13 0.04 0.06 0.1 0.13 0.11 0.12 0.08 0.05 0.02 0.01 0.15 
all-terrain:0.18 0.12 0.08 0.01 0.01 0.06 0.06 0.06 0.09 0.14 0.07 0.12 
mud:0.02 0.09 0.14 0.07 0.1 0.06 0.08 0.05 0.1 0.15 0.11 0.03 
low-profile:0.14 0.13 0.03 0.1 0.04 0.15 0.02 0.13 0.07 0.09 0.03 0.07 
performance:0.07 0.01 0.13 0.12 0.04 0.13 0.11 0.1 0.13 0.01 0.03 0.12 
2 2 1 1 2 3 1 1 3 3 4 4 1 3 2 1 3 1 2 1 3 3 4 5 3 6 4 2 1 1 1 1 1 2 2 2 1 1 1 1 
0.15 0.1 0.3 0.2 0.1 0.05 0.15 0.1 