5
0.95 3 3
30 90
dirt-slalom-flat:16,8,26
asphalt-straight-hilly:1,11,14
dirt-straight-hilly:25,15,2
asphalt-slalom-hilly:6,5,7
dirt-straight-flat:21,28,19
asphalt-slalom-flat:27,4,17,22,24,12,9,23,3
dirt-slalom-hilly:20,10,18
asphalt-straight-flat:13,30,29
5
mazda:0.08 0.06 0.05 0.13 0.14 0.05 0.13 0.13 0.02 0.04 0.09 0.08 
toyota:0.09 0.02 0.07 0.12 0.1 0.1 0.04 0.06 0.02 0.13 0.13 0.12 
ferarri:0.12 0.09 0.06 0.06 0.11 0.09 0.03 0.07 0.03 0.1 0.1 0.14 
humvee:0.12 0.08 0.1 0.12 0.06 0.11 0.11 0.04 0.01 0.06 0.09 0.1 
go-kart:0.13 0.04 0.1 0.06 0.02 0.09 0.11 0.13 0.06 0.09 0.08 0.09 
5
stig:0.11 0.03 0.08 0.1 0.12 0.1 0.13 0.04 0.06 0.04 0.09 0.1 
schumacher:0.14 0.15 0.12 0.05 0.04 0.02 0.08 0.13 0.12 0.04 0.06 0.05 
anakin:0.08 0.09 0.09 0.05 0.15 0.05 0.16 0.07 0.01 0.04 0.17 0.04 
mushroom:0.03 0.12 0.14 0.1 0.08 0.06 0.06 0.08 0.1 0.12 0.1 0.01 
crash:0.12 0.02 0.14 0.12 0.05 0.12 0.12 0.02 0.01 0.11 0.07 0.1 
all-terrain:0.12 0.09 0.05 0.1 0.07 0.09 0.1 0.03 0.03 0.11 0.09 0.12 
mud:0.05 0.11 0.17 0.06 0.15 0.02 0.09 0.03 0.02 0.15 0.06 0.09 
low-profile:0.11 0.12 0.04 0.11 0.09 0.05 0.06 0.01 0.13 0.1 0.09 0.09 
performance:0.11 0.02 0.08 0.04 0.13 0.07 0.11 0.04 0.15 0.11 0.03 0.11 
2 2 1 1 2 3 1 1 3 3 4 4 1 3 2 1 3 1 2 1 3 3 4 5 3 6 4 2 1 1 1 1 1 2 2 2 1 1 1 1 
0.15 0.1 0.3 0.2 0.1 0.05 0.15 0.1 