5
0.95 3 3
30 90
dirt-slalom-flat:5,30,13
asphalt-straight-hilly:18,23,16
dirt-straight-hilly:4,22,1
asphalt-slalom-hilly:10,2,8
dirt-straight-flat:9,21,14
asphalt-slalom-flat:12,3,6,26,11,24,7,19,27
dirt-slalom-hilly:15,17,28
asphalt-straight-flat:29,20,25
5
mazda:0.14 0.07 0.06 0.07 0.09 0.09 0.09 0.14 0.01 0.09 0.08 0.07 
toyota:0.05 0.1 0.09 0.09 0.07 0.07 0.04 0.11 0.01 0.13 0.09 0.15 
ferarri:0.11 0.04 0.13 0.09 0.13 0.03 0.12 0.05 0.03 0.1 0.09 0.08 
humvee:0.07 0.01 0.08 0.17 0.12 0.06 0.09 0.09 0.05 0.07 0.13 0.06 
go-kart:0.1 0.1 0.09 0.12 0.03 0.12 0.08 0.13 0.08 0.03 0.01 0.11 
5
stig:0.12 0.07 0.09 0.02 0.06 0.06 0.1 0.1 0.11 0.14 0.13 0.0 
schumacher:0.14 0.14 0.0 0.17 0.16 0.06 0.03 0.0 0.12 0.05 0.09 0.04 
anakin:0.07 0.11 0.06 0.1 0.13 0.07 0.08 0.05 0.14 0.13 0.04 0.02 
mushroom:0.12 0.11 0.07 0.09 0.05 0.08 0.1 0.04 0.12 0.06 0.09 0.07 
crash:0.07 0.09 0.06 0.15 0.18 0.02 0.13 0.03 0.03 0.08 0.14 0.02 
all-terrain:0.13 0.05 0.13 0.05 0.12 0.14 0.05 0.03 0.12 0.05 0.08 0.05 
mud:0.13 0.08 0.13 0.02 0.09 0.1 0.09 0.1 0.14 0.03 0.02 0.07 
low-profile:0.13 0.06 0.08 0.13 0.07 0.01 0.13 0.12 0.05 0.04 0.07 0.11 
performance:0.01 0.18 0.15 0.04 0.03 0.08 0.05 0.07 0.02 0.21 0.12 0.04 
2 2 1 1 2 3 1 1 3 3 4 4 1 3 2 1 3 1 2 1 3 3 4 5 3 6 4 2 1 1 1 1 1 2 2 2 1 1 1 1 
0.15 0.1 0.3 0.2 0.1 0.05 0.15 0.1 