5
0.95 3 3
30 90
dirt-slalom-flat:1,30,27
asphalt-straight-hilly:7,28,10
dirt-straight-hilly:23,29,9
asphalt-slalom-hilly:16,15,14
dirt-straight-flat:26,11,25
asphalt-slalom-flat:5,18,21,22,4,20,2,17,24
dirt-slalom-hilly:3,12,8
asphalt-straight-flat:13,19,6
5
mazda:0.02 0.12 0.08 0.1 0.15 0.09 0.13 0.1 0.01 0.1 0.1 0.0 
toyota:0.05 0.12 0.09 0.04 0.03 0.1 0.07 0.12 0.08 0.08 0.11 0.11 
ferarri:0.22 0.06 0.06 0.16 0.07 0.04 0.14 0.01 0.06 0.01 0.11 0.06 
humvee:0.07 0.02 0.02 0.11 0.12 0.05 0.07 0.16 0.15 0.11 0.07 0.05 
go-kart:0.02 0.16 0.01 0.16 0.16 0.15 0.1 0.1 0.03 0.0 0.02 0.09 
5
stig:0.07 0.17 0.02 0.1 0.01 0.11 0.17 0.14 0.05 0.12 0.03 0.01 
schumacher:0.12 0.05 0.13 0.15 0.08 0.15 0.04 0.09 0.06 0.06 0.02 0.05 
anakin:0.09 0.12 0.09 0.05 0.03 0.1 0.07 0.01 0.15 0.08 0.09 0.12 
mushroom:0.07 0.1 0.06 0.13 0.05 0.04 0.13 0.03 0.07 0.11 0.15 0.06 
crash:0.05 0.12 0.06 0.04 0.15 0.05 0.16 0.01 0.11 0.04 0.1 0.11 
all-terrain:0.18 0.17 0.1 0.17 0.04 0.02 0.02 0.17 0.0 0.08 0.02 0.03 
mud:0.08 0.08 0.13 0.1 0.04 0.0 0.02 0.09 0.14 0.14 0.13 0.05 
low-profile:0.05 0.07 0.07 0.07 0.09 0.08 0.15 0.18 0.12 0.03 0.04 0.05 
performance:0.15 0.05 0.03 0.11 0.14 0.01 0.1 0.11 0.12 0.02 0.0 0.16 
2 2 1 1 2 3 1 1 3 3 4 4 1 3 2 1 3 1 2 1 3 3 4 5 3 6 4 2 1 1 1 1 1 2 2 2 1 1 1 1 
0.15 0.1 0.3 0.2 0.1 0.05 0.15 0.1 