5
0.95 3 3
30 90
dirt-slalom-flat:12,27,29
asphalt-straight-hilly:6,15,20
dirt-straight-hilly:25,3,26
asphalt-slalom-hilly:9,21,23
dirt-straight-flat:10,1,5
asphalt-slalom-flat:22,30,18,19,8,14,2,4,13
dirt-slalom-hilly:7,17,11
asphalt-straight-flat:24,28,16
5
mazda:0.03 0.11 0.09 0.05 0.1 0.0 0.09 0.11 0.09 0.08 0.12 0.13 
toyota:0.08 0.04 0.13 0.11 0.01 0.02 0.15 0.16 0.12 0.08 0.05 0.05 
ferarri:0.13 0.13 0.11 0.03 0.09 0.06 0.11 0.11 0.02 0.07 0.11 0.03 
humvee:0.02 0.12 0.08 0.16 0.11 0.1 0.07 0.08 0.1 0.01 0.05 0.1 
go-kart:0.02 0.05 0.19 0.05 0.15 0.0 0.09 0.05 0.17 0.18 0.01 0.04 
5
stig:0.12 0.11 0.03 0.1 0.06 0.08 0.11 0.11 0.0 0.11 0.1 0.07 
schumacher:0.1 0.1 0.06 0.1 0.07 0.07 0.05 0.12 0.1 0.03 0.08 0.12 
anakin:0.04 0.03 0.08 0.02 0.03 0.15 0.03 0.26 0.02 0.06 0.07 0.21 
mushroom:0.01 0.03 0.06 0.13 0.03 0.13 0.04 0.07 0.01 0.21 0.21 0.07 
crash:0.06 0.01 0.09 0.18 0.09 0.03 0.13 0.1 0.01 0.17 0.03 0.1 
all-terrain:0.04 0.08 0.05 0.17 0.1 0.03 0.04 0.14 0.12 0.02 0.08 0.13 
mud:0.01 0.03 0.11 0.16 0.08 0.02 0.12 0.12 0.09 0.06 0.15 0.05 
low-profile:0.05 0.15 0.0 0.05 0.17 0.07 0.1 0.0 0.13 0.05 0.12 0.11 
performance:0.11 0.05 0.11 0.12 0.09 0.01 0.13 0.11 0.08 0.1 0.02 0.07 
2 2 1 1 2 3 1 1 3 3 4 4 1 3 2 1 3 1 2 1 3 3 4 5 3 6 4 2 1 1 1 1 1 2 2 2 1 1 1 1 
0.15 0.1 0.3 0.2 0.1 0.05 0.15 0.1 