5
0.95 3 3
30 90
dirt-slalom-flat:7,24,11
asphalt-straight-hilly:8,22,29
dirt-straight-hilly:4,3,28
asphalt-slalom-hilly:21,20,23
dirt-straight-flat:16,5,14
asphalt-slalom-flat:1,30,13,15,25,17,2,26,6
dirt-slalom-hilly:27,19,12
asphalt-straight-flat:10,9,18
5
mazda:0.07 0.05 0.14 0.07 0.11 0.05 0.09 0.1 0.12 0.03 0.13 0.04 
toyota:0.12 0.06 0.11 0.02 0.07 0.06 0.09 0.13 0.02 0.07 0.13 0.12 
ferarri:0.05 0.14 0.1 0.12 0.12 0.03 0.05 0.05 0.01 0.07 0.19 0.07 
humvee:0.03 0.13 0.1 0.01 0.12 0.07 0.09 0.12 0.03 0.04 0.15 0.11 
go-kart:0.01 0.03 0.07 0.17 0.0 0.04 0.11 0.14 0.14 0.0 0.18 0.11 
5
stig:0.14 0.05 0.01 0.16 0.05 0.02 0.12 0.13 0.07 0.05 0.15 0.05 
schumacher:0.01 0.09 0.11 0.17 0.03 0.12 0.05 0.09 0.09 0.17 0.04 0.03 
anakin:0.03 0.11 0.03 0.06 0.15 0.03 0.12 0.04 0.0 0.19 0.15 0.09 
mushroom:0.01 0.08 0.04 0.16 0.16 0.09 0.1 0.15 0.11 0.02 0.02 0.06 
crash:0.04 0.16 0.03 0.17 0.02 0.04 0.16 0.12 0.02 0.12 0.1 0.02 
all-terrain:0.15 0.13 0.02 0.12 0.12 0.03 0.05 0.09 0.03 0.05 0.1 0.11 
mud:0.0 0.1 0.1 0.08 0.15 0.12 0.05 0.11 0.08 0.11 0.09 0.01 
low-profile:0.08 0.0 0.05 0.12 0.02 0.08 0.07 0.09 0.15 0.16 0.01 0.17 
performance:0.0 0.07 0.01 0.1 0.03 0.13 0.12 0.12 0.09 0.09 0.12 0.12 
2 2 1 1 2 3 1 1 3 3 4 4 1 3 2 1 3 1 2 1 3 3 4 5 3 6 4 2 1 1 1 1 1 2 2 2 1 1 1 1 
0.15 0.1 0.3 0.2 0.1 0.05 0.15 0.1 