5
0.95 3 3
30 90
dirt-slalom-flat:28,24,14
asphalt-straight-hilly:2,5,8
dirt-straight-hilly:7,20,22
asphalt-slalom-hilly:25,23,15
dirt-straight-flat:3,26,21
asphalt-slalom-flat:9,11,1,10,16,12,6,19,4
dirt-slalom-hilly:29,30,17
asphalt-straight-flat:13,18,27
5
mazda:0.07 0.08 0.06 0.15 0.08 0.05 0.05 0.11 0.05 0.05 0.13 0.12 
toyota:0.04 0.02 0.14 0.06 0.11 0.03 0.08 0.07 0.06 0.14 0.13 0.12 
ferarri:0.13 0.14 0.17 0.1 0.14 0.02 0.01 0.09 0.15 0.02 0.0 0.03 
humvee:0.04 0.12 0.05 0.05 0.15 0.16 0.11 0.04 0.16 0.1 0.02 0.0 
go-kart:0.01 0.03 0.1 0.13 0.09 0.07 0.09 0.08 0.13 0.11 0.06 0.1 
5
stig:0.02 0.04 0.08 0.08 0.15 0.04 0.13 0.1 0.06 0.11 0.03 0.16 
schumacher:0.13 0.11 0.11 0.13 0.11 0.07 0.1 0.01 0.11 0.03 0.02 0.07 
anakin:0.16 0.15 0.06 0.05 0.13 0.14 0.02 0.03 0.01 0.09 0.15 0.01 
mushroom:0.04 0.06 0.11 0.05 0.09 0.18 0.12 0.06 0.0 0.07 0.12 0.1 
crash:0.06 0.06 0.14 0.08 0.14 0.09 0.0 0.01 0.07 0.13 0.08 0.14 
all-terrain:0.07 0.1 0.12 0.12 0.07 0.07 0.15 0.05 0.12 0.04 0.04 0.05 
mud:0.06 0.12 0.06 0.07 0.09 0.05 0.06 0.05 0.1 0.12 0.12 0.1 
low-profile:0.11 0.07 0.07 0.15 0.11 0.06 0.01 0.0 0.14 0.03 0.1 0.15 
performance:0.09 0.06 0.13 0.01 0.14 0.05 0.14 0.14 0.04 0.1 0.08 0.02 
2 2 1 1 2 3 1 1 3 3 4 4 1 3 2 1 3 1 2 1 3 3 4 5 3 6 4 2 1 1 1 1 1 2 2 2 1 1 1 1 
0.15 0.1 0.3 0.2 0.1 0.05 0.15 0.1 