5
0.95 3 3
30 90
dirt-slalom-flat:24,5,8
asphalt-straight-hilly:15,10,16
dirt-straight-hilly:6,25,11
asphalt-slalom-hilly:4,3,1
dirt-straight-flat:13,18,20
asphalt-slalom-flat:19,29,22,26,7,17,12,28,9
dirt-slalom-hilly:14,23,27
asphalt-straight-flat:30,2,21
5
mazda:0.15 0.07 0.07 0.1 0.05 0.09 0.0 0.24 0.0 0.05 0.04 0.14 
toyota:0.12 0.11 0.02 0.03 0.1 0.12 0.07 0.13 0.07 0.07 0.06 0.1 
ferarri:0.1 0.01 0.1 0.12 0.13 0.14 0.13 0.02 0.1 0.04 0.07 0.04 
humvee:0.09 0.07 0.08 0.06 0.06 0.07 0.13 0.13 0.07 0.02 0.15 0.07 
go-kart:0.06 0.12 0.08 0.03 0.04 0.12 0.03 0.07 0.08 0.13 0.11 0.13 
5
stig:0.03 0.05 0.08 0.13 0.0 0.13 0.06 0.08 0.12 0.05 0.12 0.15 
schumacher:0.08 0.06 0.12 0.08 0.01 0.1 0.14 0.07 0.11 0.06 0.13 0.04 
anakin:0.01 0.07 0.1 0.14 0.06 0.12 0.01 0.14 0.13 0.07 0.13 0.02 
mushroom:0.0 0.14 0.11 0.06 0.12 0.05 0.09 0.03 0.03 0.13 0.13 0.11 
crash:0.05 0.12 0.11 0.12 0.1 0.07 0.1 0.02 0.1 0.11 0.04 0.06 
all-terrain:0.08 0.08 0.1 0.04 0.08 0.06 0.14 0.12 0.09 0.05 0.01 0.15 
mud:0.03 0.15 0.04 0.01 0.07 0.01 0.04 0.14 0.15 0.12 0.11 0.13 
low-profile:0.07 0.05 0.0 0.08 0.15 0.14 0.14 0.05 0.04 0.02 0.17 0.09 
performance:0.1 0.12 0.09 0.13 0.02 0.11 0.01 0.06 0.04 0.09 0.11 0.12 
2 2 1 1 2 3 1 1 3 3 4 4 1 3 2 1 3 1 2 1 3 3 4 5 3 6 4 2 1 1 1 1 1 2 2 2 1 1 1 1 
0.15 0.1 0.3 0.2 0.1 0.05 0.15 0.1 