5
0.95 3 3
30 90
dirt-slalom-flat:11,17,7
asphalt-straight-hilly:2,14,10
dirt-straight-hilly:27,4,28
asphalt-slalom-hilly:20,21,13
dirt-straight-flat:16,1,25
asphalt-slalom-flat:5,29,24,26,23,3,22,6,9
dirt-slalom-hilly:18,8,19
asphalt-straight-flat:30,12,15
5
mazda:0.05 0.04 0.06 0.14 0.13 0.07 0.14 0.07 0.02 0.12 0.07 0.09 
toyota:0.03 0.08 0.05 0.13 0.08 0.07 0.09 0.1 0.08 0.11 0.16 0.02 
ferarri:0.04 0.14 0.09 0.13 0.02 0.06 0.15 0.14 0.07 0.04 0.11 0.01 
humvee:0.04 0.04 0.11 0.09 0.1 0.03 0.11 0.11 0.07 0.1 0.07 0.13 
go-kart:0.08 0.11 0.0 0.14 0.15 0.01 0.09 0.11 0.07 0.07 0.06 0.11 
5
stig:0.15 0.15 0.09 0.01 0.02 0.12 0.0 0.06 0.11 0.04 0.15 0.1 
schumacher:0.06 0.06 0.14 0.04 0.06 0.04 0.0 0.1 0.16 0.07 0.15 0.12 
anakin:0.08 0.05 0.09 0.11 0.06 0.05 0.09 0.11 0.16 0.01 0.03 0.16 
mushroom:0.12 0.15 0.05 0.08 0.02 0.05 0.09 0.09 0.13 0.05 0.07 0.1 
crash:0.08 0.07 0.15 0.16 0.06 0.01 0.15 0.03 0.08 0.12 0.01 0.08 
all-terrain:0.01 0.03 0.12 0.13 0.08 0.05 0.05 0.13 0.06 0.13 0.07 0.14 
mud:0.1 0.1 0.14 0.02 0.15 0.03 0.1 0.02 0.15 0.09 0.09 0.01 
low-profile:0.09 0.15 0.14 0.06 0.04 0.03 0.03 0.01 0.12 0.09 0.12 0.12 
performance:0.11 0.0 0.01 0.15 0.11 0.09 0.14 0.14 0.02 0.14 0.05 0.04 
2 2 1 1 2 3 1 1 3 3 4 4 1 3 2 1 3 1 2 1 3 3 4 5 3 6 4 2 1 1 1 1 1 2 2 2 1 1 1 1 
0.15 0.1 0.3 0.2 0.1 0.05 0.15 0.1 