5
0.95 3 3
30 90
dirt-slalom-flat:14,19,27
asphalt-straight-hilly:2,4,7
dirt-straight-hilly:6,3,1
asphalt-slalom-hilly:21,12,8
dirt-straight-flat:22,23,13
asphalt-slalom-flat:16,5,9,20,18,10,11,26,15
dirt-slalom-hilly:28,17,29
asphalt-straight-flat:30,25,24
5
mazda:0.03 0.0 0.0 0.04 0.17 0.15 0.12 0.02 0.14 0.07 0.07 0.19 
toyota:0.12 0.14 0.15 0.15 0.02 0.06 0.04 0.13 0.02 0.02 0.03 0.12 
ferarri:0.13 0.0 0.13 0.1 0.11 0.05 0.08 0.06 0.07 0.12 0.11 0.04 
humvee:0.06 0.05 0.11 0.03 0.11 0.07 0.1 0.07 0.11 0.1 0.09 0.1 
go-kart:0.12 0.09 0.0 0.04 0.05 0.02 0.07 0.17 0.14 0.12 0.03 0.15 
5
stig:0.14 0.17 0.05 0.05 0.1 0.08 0.12 0.06 0.03 0.05 0.13 0.02 
schumacher:0.05 0.0 0.09 0.03 0.15 0.16 0.11 0.15 0.12 0.06 0.0 0.08 
anakin:0.03 0.03 0.09 0.14 0.09 0.06 0.16 0.06 0.11 0.15 0.07 0.01 
mushroom:0.12 0.11 0.02 0.04 0.12 0.11 0.11 0.02 0.02 0.12 0.11 0.1 
crash:0.11 0.13 0.2 0.21 0.02 0.05 0.02 0.02 0.07 0.06 0.08 0.03 
all-terrain:0.03 0.12 0.07 0.11 0.13 0.13 0.04 0.09 0.11 0.02 0.13 0.02 
mud:0.07 0.02 0.13 0.13 0.0 0.21 0.0 0.13 0.09 0.09 0.03 0.1 
low-profile:0.06 0.1 0.08 0.12 0.06 0.09 0.02 0.13 0.1 0.14 0.0 0.1 
performance:0.12 0.14 0.12 0.0 0.07 0.17 0.12 0.03 0.06 0.14 0.03 0.0 
2 2 1 1 2 3 1 1 3 3 4 4 1 3 2 1 3 1 2 1 3 3 4 5 3 6 4 2 1 1 1 1 1 2 2 2 1 1 1 1 
0.15 0.1 0.3 0.2 0.1 0.05 0.15 0.1 