5
0.95 3 3
30 90
dirt-slalom-flat:28,11,5
asphalt-straight-hilly:3,19,24
dirt-straight-hilly:22,1,10
asphalt-slalom-hilly:26,14,17
dirt-straight-flat:29,23,13
asphalt-slalom-flat:30,25,27,2,12,6,4,9,7
dirt-slalom-hilly:18,8,20
asphalt-straight-flat:16,21,15
5
mazda:0.07 0.04 0.12 0.1 0.19 0.13 0.01 0.01 0.1 0.17 0.04 0.02 
toyota:0.04 0.15 0.03 0.15 0.06 0.01 0.01 0.16 0.14 0.02 0.17 0.06 
ferarri:0.08 0.13 0.13 0.05 0.08 0.14 0.01 0.09 0.03 0.11 0.13 0.02 
humvee:0.11 0.11 0.04 0.1 0.0 0.12 0.12 0.05 0.04 0.14 0.05 0.12 
go-kart:0.02 0.11 0.03 0.08 0.01 0.15 0.1 0.14 0.07 0.11 0.11 0.07 
5
stig:0.02 0.02 0.16 0.01 0.01 0.11 0.12 0.15 0.14 0.12 0.13 0.01 
schumacher:0.11 0.09 0.09 0.03 0.1 0.07 0.01 0.14 0.13 0.07 0.07 0.09 
anakin:0.06 0.06 0.04 0.11 0.15 0.03 0.1 0.09 0.07 0.13 0.08 0.08 
mushroom:0.18 0.11 0.05 0.01 0.05 0.09 0.14 0.11 0.0 0.09 0.03 0.14 
crash:0.02 0.03 0.04 0.14 0.05 0.03 0.1 0.14 0.13 0.04 0.17 0.11 
all-terrain:0.01 0.11 0.06 0.06 0.07 0.11 0.08 0.08 0.07 0.14 0.07 0.14 
mud:0.12 0.13 0.11 0.03 0.03 0.08 0.08 0.1 0.06 0.02 0.13 0.11 
low-profile:0.07 0.02 0.12 0.0 0.17 0.09 0.08 0.0 0.15 0.11 0.12 0.07 
performance:0.0 0.15 0.02 0.15 0.08 0.06 0.12 0.11 0.13 0.03 0.01 0.14 
2 2 1 1 2 3 1 1 3 3 4 4 1 3 2 1 3 1 2 1 3 3 4 5 3 6 4 2 1 1 1 1 1 2 2 2 1 1 1 1 
0.15 0.1 0.3 0.2 0.1 0.05 0.15 0.1 