5
0.95 3 3
30 90
dirt-slalom-flat:1,16,8
asphalt-straight-hilly:27,14,22
dirt-straight-hilly:26,11,10
asphalt-slalom-hilly:21,17,23
dirt-straight-flat:4,9,6
asphalt-slalom-flat:25,20,12,15,28,3,13,18,5
dirt-slalom-hilly:7,24,30
asphalt-straight-flat:29,2,19
5
mazda:0.04 0.14 0.13 0.08 0.02 0.1 0.11 0.04 0.09 0.08 0.05 0.12 
toyota:0.12 0.03 0.07 0.01 0.02 0.14 0.05 0.07 0.07 0.06 0.18 0.18 
ferarri:0.04 0.14 0.14 0.09 0.11 0.12 0.14 0.03 0.02 0.02 0.09 0.06 
humvee:0.15 0.02 0.11 0.01 0.06 0.02 0.17 0.03 0.16 0.11 0.13 0.03 
go-kart:0.01 0.09 0.11 0.13 0.05 0.06 0.1 0.1 0.12 0.06 0.05 0.12 
5
stig:0.07 0.14 0.12 0.13 0.14 0.1 0.02 0.09 0.04 0.09 0.05 0.01 
schumacher:0.14 0.03 0.03 0.07 0.02 0.1 0.04 0.09 0.16 0.16 0.12 0.04 
anakin:0.12 0.18 0.14 0.07 0.11 0.09 0.05 0.05 0.01 0.09 0.05 0.04 
mushroom:0.11 0.03 0.0 0.14 0.0 0.1 0.1 0.07 0.17 0.07 0.03 0.18 
crash:0.15 0.03 0.0 0.09 0.14 0.13 0.04 0.12 0.07 0.1 0.08 0.05 
all-terrain:0.09 0.11 0.09 0.04 0.05 0.02 0.15 0.16 0.02 0.05 0.13 0.09 
mud:0.02 0.1 0.11 0.08 0.11 0.04 0.09 0.14 0.1 0.04 0.09 0.08 
low-profile:0.12 0.07 0.06 0.02 0.1 0.07 0.1 0.01 0.1 0.1 0.11 0.14 
performance:0.08 0.11 0.15 0.01 0.11 0.12 0.02 0.02 0.02 0.16 0.07 0.13 
2 2 1 1 2 3 1 1 3 3 4 4 1 3 2 1 3 1 2 1 3 3 4 5 3 6 4 2 1 1 1 1 1 2 2 2 1 1 1 1 
0.15 0.1 0.3 0.2 0.1 0.05 0.15 0.1 