5
0.95 3 3
30 90
dirt-slalom-flat:6,19,8
asphalt-straight-hilly:7,3,4
dirt-straight-hilly:13,16,5
asphalt-slalom-hilly:23,30,1
dirt-straight-flat:12,20,18
asphalt-slalom-flat:27,21,14,10,26,24,15,29,25
dirt-slalom-hilly:17,11,9
asphalt-straight-flat:22,2,28
5
mazda:0.18 0.05 0.05 0.03 0.06 0.02 0.13 0.11 0.1 0.09 0.1 0.08 
toyota:0.04 0.06 0.02 0.12 0.0 0.13 0.13 0.11 0.12 0.17 0.08 0.02 
ferarri:0.11 0.12 0.02 0.11 0.02 0.01 0.11 0.07 0.14 0.1 0.05 0.14 
humvee:0.17 0.03 0.15 0.11 0.13 0.11 0.14 0.05 0.03 0.03 0.02 0.03 
go-kart:0.16 0.17 0.06 0.14 0.06 0.05 0.01 0.17 0.16 0.01 0.0 0.01 
5
stig:0.11 0.05 0.02 0.12 0.09 0.11 0.11 0.07 0.02 0.14 0.11 0.05 
schumacher:0.09 0.05 0.11 0.14 0.07 0.06 0.09 0.11 0.01 0.12 0.11 0.04 
anakin:0.2 0.09 0.18 0.15 0.03 0.05 0.0 0.05 0.09 0.12 0.01 0.03 
mushroom:0.05 0.14 0.08 0.09 0.11 0.03 0.08 0.05 0.11 0.05 0.07 0.14 
crash:0.01 0.18 0.04 0.01 0.1 0.15 0.05 0.03 0.1 0.14 0.01 0.18 
all-terrain:0.07 0.16 0.08 0.17 0.16 0.01 0.02 0.1 0.01 0.03 0.0 0.19 
mud:0.07 0.03 0.04 0.09 0.05 0.15 0.17 0.02 0.1 0.06 0.11 0.11 
low-profile:0.14 0.06 0.08 0.07 0.13 0.16 0.02 0.0 0.17 0.08 0.04 0.05 
performance:0.06 0.05 0.05 0.09 0.03 0.0 0.14 0.11 0.1 0.13 0.11 0.13 
2 2 1 1 2 3 1 1 3 3 4 4 1 3 2 1 3 1 2 1 3 3 4 5 3 6 4 2 1 1 1 1 1 2 2 2 1 1 1 1 
0.15 0.1 0.3 0.2 0.1 0.05 0.15 0.1 