5
0.95 3 3
30 90
dirt-slalom-flat:10,9,16
asphalt-straight-hilly:26,28,24
dirt-straight-hilly:18,1,8
asphalt-slalom-hilly:21,14,7
dirt-straight-flat:15,3,13
asphalt-slalom-flat:20,23,30,6,17,4,2,29,25
dirt-slalom-hilly:22,5,12
asphalt-straight-flat:19,27,11
5
mazda:0.03 0.04 0.02 0.16 0.11 0.04 0.08 0.09 0.13 0.14 0.04 0.12 
toyota:0.11 0.08 0.08 0.09 0.08 0.07 0.12 0.04 0.03 0.13 0.03 0.14 
ferarri:0.07 0.08 0.14 0.14 0.13 0.1 0.05 0.02 0.04 0.04 0.1 0.09 
humvee:0.04 0.13 0.07 0.08 0.17 0.05 0.09 0.13 0.09 0.12 0.01 0.02 
go-kart:0.14 0.11 0.07 0.09 0.11 0.11 0.16 0.13 0.0 0.02 0.01 0.05 
5
stig:0.08 0.15 0.06 0.07 0.07 0.08 0.17 0.11 0.07 0.05 0.06 0.03 
schumacher:0.04 0.0 0.1 0.14 0.13 0.14 0.05 0.02 0.03 0.14 0.08 0.13 
anakin:0.07 0.15 0.05 0.02 0.02 0.13 0.19 0.04 0.04 0.0 0.16 0.13 
mushroom:0.16 0.08 0.13 0.12 0.07 0.01 0.14 0.06 0.01 0.08 0.06 0.08 
crash:0.04 0.14 0.15 0.05 0.02 0.18 0.15 0.12 0.07 0.0 0.0 0.08 
all-terrain:0.1 0.12 0.07 0.08 0.11 0.04 0.09 0.13 0.11 0.08 0.01 0.06 
mud:0.03 0.05 0.15 0.07 0.14 0.04 0.11 0.08 0.14 0.02 0.04 0.13 
low-profile:0.12 0.08 0.04 0.09 0.1 0.12 0.08 0.03 0.17 0.0 0.17 0.0 
performance:0.15 0.0 0.12 0.04 0.0 0.04 0.08 0.08 0.04 0.14 0.17 0.14 
2 2 1 1 2 3 1 1 3 3 4 4 1 3 2 1 3 1 2 1 3 3 4 5 3 6 4 2 1 1 1 1 1 2 2 2 1 1 1 1 
0.15 0.1 0.3 0.2 0.1 0.05 0.15 0.1 