5
0.95 3 3
30 90
dirt-slalom-flat:30,25,2
asphalt-straight-hilly:29,28,1
dirt-straight-hilly:21,19,14
asphalt-slalom-hilly:5,15,26
dirt-straight-flat:22,27,23
asphalt-slalom-flat:6,8,16,11,20,13,3,9,7
dirt-slalom-hilly:10,24,17
asphalt-straight-flat:12,4,18
5
mazda:0.0 0.13 0.1 0.04 0.09 0.13 0.05 0.1 0.13 0.11 0.02 0.1 
toyota:0.06 0.04 0.14 0.13 0.0 0.08 0.09 0.09 0.14 0.12 0.06 0.05 
ferarri:0.1 0.07 0.14 0.13 0.02 0.04 0.01 0.09 0.07 0.1 0.12 0.11 
humvee:0.1 0.13 0.12 0.1 0.05 0.14 0.11 0.09 0.09 0.04 0.02 0.01 
go-kart:0.15 0.02 0.08 0.06 0.16 0.03 0.13 0.01 0.11 0.15 0.09 0.01 
5
stig:0.09 0.03 0.02 0.11 0.07 0.15 0.14 0.15 0.05 0.09 0.04 0.06 
schumacher:0.13 0.09 0.12 0.16 0.04 0.05 0.05 0.13 0.08 0.07 0.03 0.05 
anakin:0.07 0.12 0.13 0.08 0.09 0.05 0.13 0.18 0.06 0.05 0.0 0.04 
mushroom:0.13 0.18 0.0 0.07 0.22 0.01 0.04 0.07 0.1 0.13 0.02 0.03 
crash:0.0 0.16 0.05 0.14 0.05 0.08 0.15 0.01 0.07 0.13 0.1 0.06 
all-terrain:0.13 0.12 0.12 0.01 0.11 0.01 0.04 0.13 0.1 0.06 0.09 0.08 
mud:0.11 0.02 0.12 0.09 0.11 0.05 0.03 0.12 0.1 0.07 0.08 0.1 
low-profile:0.07 0.15 0.04 0.09 0.03 0.05 0.09 0.19 0.01 0.06 0.07 0.15 
performance:0.1 0.05 0.1 0.04 0.12 0.12 0.08 0.05 0.07 0.06 0.1 0.11 
2 2 1 1 2 3 1 1 3 3 4 4 1 3 2 1 3 1 2 1 3 3 4 5 3 6 4 2 1 1 1 1 1 2 2 2 1 1 1 1 
0.15 0.1 0.3 0.2 0.1 0.05 0.15 0.1 