5
0.95 3 3
30 90
dirt-slalom-flat:14,7,26
asphalt-straight-hilly:16,20,23
dirt-straight-hilly:22,17,18
asphalt-slalom-hilly:27,4,3
dirt-straight-flat:21,1,12
asphalt-slalom-flat:11,6,2,9,30,28,15,13,29
dirt-slalom-hilly:19,10,24
asphalt-straight-flat:25,5,8
5
mazda:0.11 0.0 0.1 0.08 0.05 0.08 0.13 0.12 0.09 0.11 0.02 0.11 
toyota:0.02 0.1 0.12 0.09 0.11 0.09 0.0 0.06 0.07 0.09 0.14 0.11 
ferarri:0.06 0.16 0.03 0.1 0.07 0.04 0.11 0.05 0.09 0.02 0.14 0.13 
humvee:0.05 0.14 0.04 0.01 0.08 0.08 0.09 0.0 0.09 0.1 0.15 0.17 
go-kart:0.16 0.08 0.0 0.04 0.03 0.03 0.14 0.07 0.12 0.08 0.17 0.08 
5
stig:0.12 0.12 0.03 0.08 0.06 0.02 0.12 0.07 0.13 0.14 0.07 0.04 
schumacher:0.07 0.23 0.0 0.03 0.04 0.27 0.06 0.02 0.01 0.05 0.13 0.09 
anakin:0.02 0.09 0.15 0.16 0.01 0.15 0.04 0.03 0.08 0.12 0.03 0.12 
mushroom:0.13 0.05 0.09 0.03 0.04 0.15 0.09 0.12 0.03 0.04 0.08 0.15 
crash:0.05 0.05 0.18 0.01 0.05 0.14 0.06 0.16 0.15 0.13 0.0 0.02 
all-terrain:0.07 0.05 0.1 0.06 0.14 0.06 0.13 0.1 0.11 0.12 0.01 0.05 
mud:0.08 0.12 0.11 0.1 0.03 0.04 0.05 0.13 0.12 0.1 0.04 0.08 
low-profile:0.11 0.04 0.24 0.09 0.07 0.08 0.2 0.01 0.02 0.02 0.09 0.03 
performance:0.14 0.08 0.06 0.04 0.14 0.03 0.03 0.1 0.12 0.1 0.05 0.11 
2 2 1 1 2 3 1 1 3 3 4 4 1 3 2 1 3 1 2 1 3 3 4 5 3 6 4 2 1 1 1 1 1 2 2 2 1 1 1 1 
0.15 0.1 0.3 0.2 0.1 0.05 0.15 0.1 