5
0.95 3 3
30 90
dirt-slalom-flat:30,4,17
asphalt-straight-hilly:5,23,29
dirt-straight-hilly:28,16,12
asphalt-slalom-hilly:18,15,14
dirt-straight-flat:7,8,21
asphalt-slalom-flat:6,19,2,27,3,22,25,1,9
dirt-slalom-hilly:11,24,26
asphalt-straight-flat:13,10,20
5
mazda:0.04 0.11 0.14 0.06 0.11 0.18 0.16 0.09 0.0 0.05 0.05 0.01 
toyota:0.08 0.1 0.1 0.05 0.06 0.14 0.01 0.12 0.15 0.01 0.14 0.04 
ferarri:0.03 0.13 0.1 0.1 0.1 0.07 0.1 0.06 0.09 0.06 0.05 0.11 
humvee:0.07 0.15 0.08 0.06 0.09 0.14 0.16 0.15 0.04 0.02 0.04 0.0 
go-kart:0.04 0.19 0.01 0.17 0.06 0.06 0.17 0.04 0.07 0.05 0.05 0.09 
5
stig:0.04 0.02 0.09 0.13 0.1 0.13 0.08 0.06 0.06 0.07 0.13 0.09 
schumacher:0.09 0.07 0.06 0.14 0.18 0.03 0.1 0.06 0.1 0.01 0.02 0.14 
anakin:0.03 0.07 0.15 0.06 0.14 0.05 0.14 0.07 0.06 0.01 0.15 0.07 
mushroom:0.09 0.11 0.15 0.07 0.05 0.02 0.04 0.03 0.15 0.15 0.07 0.07 
crash:0.11 0.12 0.13 0.11 0.12 0.13 0.0 0.1 0.02 0.02 0.0 0.14 
all-terrain:0.03 0.12 0.09 0.04 0.08 0.04 0.16 0.17 0.03 0.07 0.15 0.02 
mud:0.11 0.15 0.15 0.01 0.0 0.1 0.04 0.15 0.09 0.07 0.09 0.04 
low-profile:0.13 0.16 0.09 0.1 0.05 0.05 0.15 0.04 0.07 0.01 0.07 0.08 
performance:0.13 0.05 0.08 0.11 0.14 0.07 0.01 0.08 0.04 0.14 0.03 0.12 
2 2 1 1 2 3 1 1 3 3 4 4 1 3 2 1 3 1 2 1 3 3 4 5 3 6 4 2 1 1 1 1 1 2 2 2 1 1 1 1 
0.15 0.1 0.3 0.2 0.1 0.05 0.15 0.1 