5
0.95 3 3
30 90
dirt-slalom-flat:22,30,28
asphalt-straight-hilly:23,14,17
dirt-straight-hilly:11,19,6
asphalt-slalom-hilly:26,24,3
dirt-straight-flat:5,27,20
asphalt-slalom-flat:12,1,25,21,9,18,13,4,16
dirt-slalom-hilly:7,10,15
asphalt-straight-flat:29,2,8
5
mazda:0.03 0.04 0.13 0.06 0.1 0.13 0.05 0.16 0.1 0.11 0.01 0.08 
toyota:0.05 0.12 0.08 0.16 0.13 0.02 0.05 0.01 0.11 0.04 0.16 0.07 
ferarri:0.1 0.1 0.02 0.1 0.08 0.0 0.15 0.19 0.04 0.14 0.08 0.0 
humvee:0.01 0.05 0.12 0.01 0.04 0.09 0.11 0.27 0.17 0.05 0.0 0.08 
go-kart:0.08 0.13 0.09 0.13 0.13 0.13 0.02 0.0 0.09 0.07 0.05 0.08 
5
stig:0.17 0.03 0.05 0.05 0.18 0.01 0.04 0.14 0.1 0.01 0.07 0.15 
schumacher:0.07 0.03 0.08 0.06 0.12 0.13 0.03 0.07 0.12 0.12 0.11 0.06 
anakin:0.09 0.16 0.11 0.03 0.12 0.05 0.06 0.03 0.06 0.11 0.09 0.09 
mushroom:0.09 0.1 0.07 0.08 0.13 0.06 0.05 0.09 0.11 0.03 0.12 0.07 
crash:0.04 0.11 0.12 0.05 0.0 0.14 0.13 0.06 0.05 0.15 0.01 0.14 
all-terrain:0.08 0.04 0.02 0.03 0.15 0.1 0.14 0.07 0.04 0.1 0.09 0.14 
mud:0.12 0.07 0.09 0.08 0.18 0.03 0.15 0.04 0.14 0.04 0.04 0.02 
low-profile:0.01 0.1 0.01 0.13 0.14 0.09 0.04 0.03 0.18 0.0 0.07 0.2 
performance:0.05 0.06 0.14 0.09 0.14 0.07 0.14 0.11 0.02 0.04 0.09 0.05 
2 2 1 1 2 3 1 1 3 3 4 4 1 3 2 1 3 1 2 1 3 3 4 5 3 6 4 2 1 1 1 1 1 2 2 2 1 1 1 1 
0.15 0.1 0.3 0.2 0.1 0.05 0.15 0.1 