5
0.95 3 3
30 90
dirt-slalom-flat:15,16,2
asphalt-straight-hilly:28,24,8
dirt-straight-hilly:20,18,26
asphalt-slalom-hilly:25,29,22
dirt-straight-flat:12,6,19
asphalt-slalom-flat:11,23,9,27,7,3,4,30,5
dirt-slalom-hilly:10,13,21
asphalt-straight-flat:17,14,1
5
mazda:0.05 0.04 0.08 0.1 0.12 0.05 0.04 0.13 0.12 0.06 0.1 0.11 
toyota:0.05 0.15 0.05 0.12 0.03 0.01 0.12 0.18 0.09 0.07 0.07 0.06 
ferarri:0.14 0.15 0.07 0.04 0.04 0.08 0.12 0.04 0.06 0.11 0.06 0.09 
humvee:0.02 0.04 0.09 0.13 0.06 0.08 0.1 0.11 0.1 0.08 0.08 0.11 
go-kart:0.03 0.04 0.15 0.13 0.09 0.12 0.02 0.03 0.08 0.02 0.15 0.14 
5
stig:0.1 0.1 0.12 0.08 0.08 0.04 0.07 0.06 0.12 0.04 0.13 0.06 
schumacher:0.02 0.04 0.11 0.12 0.15 0.1 0.06 0.11 0.08 0.14 0.0 0.07 
anakin:0.12 0.1 0.09 0.09 0.06 0.06 0.0 0.08 0.1 0.11 0.08 0.11 
mushroom:0.1 0.1 0.03 0.09 0.03 0.08 0.05 0.0 0.17 0.18 0.05 0.12 
crash:0.06 0.13 0.14 0.06 0.12 0.11 0.05 0.09 0.13 0.02 0.08 0.01 
all-terrain:0.11 0.09 0.06 0.11 0.17 0.05 0.13 0.0 0.15 0.05 0.06 0.02 
mud:0.08 0.1 0.07 0.15 0.0 0.17 0.03 0.0 0.16 0.13 0.04 0.07 
low-profile:0.03 0.05 0.15 0.15 0.05 0.09 0.09 0.05 0.11 0.02 0.06 0.15 
performance:0.09 0.15 0.01 0.07 0.12 0.12 0.04 0.07 0.13 0.07 0.05 0.08 
2 2 1 1 2 3 1 1 3 3 4 4 1 3 2 1 3 1 2 1 3 3 4 5 3 6 4 2 1 1 1 1 1 2 2 2 1 1 1 1 
0.15 0.1 0.3 0.2 0.1 0.05 0.15 0.1 