5
0.95 3 3
30 90
dirt-slalom-flat:25,11,20
asphalt-straight-hilly:2,26,30
dirt-straight-hilly:15,23,16
asphalt-slalom-hilly:28,6,4
dirt-straight-flat:18,29,12
asphalt-slalom-flat:1,21,10,24,17,27,5,9,7
dirt-slalom-hilly:14,13,19
asphalt-straight-flat:22,8,3
5
mazda:0.12 0.05 0.06 0.07 0.16 0.06 0.05 0.02 0.13 0.13 0.14 0.01 
toyota:0.02 0.01 0.08 0.14 0.05 0.09 0.08 0.07 0.17 0.1 0.1 0.09 
ferarri:0.11 0.05 0.1 0.05 0.07 0.08 0.1 0.11 0.11 0.12 0.03 0.07 
humvee:0.02 0.17 0.0 0.14 0.09 0.18 0.18 0.01 0.0 0.14 0.07 0.0 
go-kart:0.1 0.13 0.08 0.16 0.11 0.05 0.08 0.07 0.05 0.03 0.06 0.08 
5
stig:0.04 0.08 0.02 0.14 0.06 0.14 0.12 0.18 0.02 0.0 0.19 0.01 
schumacher:0.13 0.14 0.03 0.03 0.03 0.09 0.08 0.09 0.08 0.02 0.14 0.14 
anakin:0.01 0.09 0.08 0.16 0.18 0.11 0.02 0.06 0.12 0.02 0.14 0.01 
mushroom:0.09 0.15 0.14 0.16 0.07 0.05 0.13 0.11 0.04 0.01 0.02 0.03 
crash:0.13 0.04 0.08 0.03 0.06 0.14 0.09 0.12 0.09 0.08 0.07 0.07 
all-terrain:0.04 0.06 0.13 0.12 0.06 0.05 0.08 0.15 0.0 0.04 0.14 0.13 
mud:0.07 0.04 0.04 0.04 0.13 0.09 0.12 0.09 0.11 0.12 0.05 0.1 
low-profile:0.1 0.02 0.03 0.08 0.06 0.11 0.14 0.11 0.08 0.08 0.11 0.08 
performance:0.03 0.07 0.14 0.12 0.17 0.18 0.03 0.05 0.01 0.06 0.08 0.06 
2 2 1 1 2 3 1 1 3 3 4 4 1 3 2 1 3 1 2 1 3 3 4 5 3 6 4 2 1 1 1 1 1 2 2 2 1 1 1 1 
0.15 0.1 0.3 0.2 0.1 0.05 0.15 0.1 