5
0.95 3 3
30 90
dirt-slalom-flat:8,29,6
asphalt-straight-hilly:20,7,5
dirt-straight-hilly:17,21,2
asphalt-slalom-hilly:4,25,22
dirt-straight-flat:10,18,30
asphalt-slalom-flat:26,28,24,3,14,19,11,13,9
dirt-slalom-hilly:1,27,12
asphalt-straight-flat:15,16,23
5
mazda:0.03 0.08 0.04 0.03 0.05 0.13 0.13 0.12 0.15 0.04 0.1 0.1 
toyota:0.11 0.02 0.16 0.07 0.09 0.18 0.05 0.04 0.09 0.0 0.07 0.12 
ferarri:0.06 0.03 0.19 0.14 0.04 0.07 0.03 0.13 0.05 0.0 0.01 0.25 
humvee:0.15 0.08 0.15 0.14 0.07 0.09 0.05 0.04 0.01 0.12 0.07 0.03 
go-kart:0.21 0.13 0.07 0.06 0.11 0.0 0.05 0.04 0.22 0.08 0.03 0.0 
5
stig:0.04 0.03 0.12 0.02 0.14 0.08 0.06 0.09 0.02 0.12 0.12 0.16 
schumacher:0.06 0.17 0.02 0.1 0.12 0.01 0.03 0.12 0.11 0.04 0.1 0.12 
anakin:0.14 0.09 0.05 0.11 0.15 0.11 0.06 0.08 0.03 0.02 0.05 0.11 
mushroom:0.17 0.12 0.02 0.15 0.1 0.11 0.08 0.02 0.1 0.03 0.09 0.01 
crash:0.08 0.09 0.06 0.07 0.09 0.1 0.15 0.09 0.02 0.04 0.11 0.1 
all-terrain:0.11 0.12 0.03 0.09 0.11 0.13 0.1 0.04 0.05 0.07 0.15 0.0 
mud:0.1 0.09 0.11 0.11 0.01 0.1 0.1 0.07 0.09 0.05 0.1 0.07 
low-profile:0.05 0.07 0.06 0.08 0.13 0.03 0.15 0.09 0.16 0.02 0.02 0.14 
performance:0.12 0.01 0.06 0.06 0.15 0.02 0.13 0.14 0.11 0.09 0.08 0.03 
2 2 1 1 2 3 1 1 3 3 4 4 1 3 2 1 3 1 2 1 3 3 4 5 3 6 4 2 1 1 1 1 1 2 2 2 1 1 1 1 
0.15 0.1 0.3 0.2 0.1 0.05 0.15 0.1 