5
0.95 3 3
30 90
dirt-slalom-flat:24,29,5
asphalt-straight-hilly:4,19,25
dirt-straight-hilly:1,21,26
asphalt-slalom-hilly:10,11,3
dirt-straight-flat:28,23,7
asphalt-slalom-flat:15,16,17,8,2,12,14,9,6
dirt-slalom-hilly:18,27,30
asphalt-straight-flat:13,22,20
5
mazda:0.0 0.19 0.09 0.03 0.0 0.2 0.06 0.12 0.1 0.12 0.04 0.05 
toyota:0.11 0.12 0.13 0.13 0.03 0.06 0.03 0.02 0.14 0.12 0.02 0.09 
ferarri:0.05 0.11 0.01 0.01 0.14 0.07 0.09 0.06 0.08 0.12 0.16 0.1 
humvee:0.1 0.07 0.07 0.0 0.01 0.11 0.17 0.1 0.22 0.06 0.02 0.07 
go-kart:0.09 0.0 0.08 0.14 0.14 0.08 0.14 0.13 0.02 0.02 0.03 0.13 
5
stig:0.14 0.07 0.06 0.06 0.03 0.07 0.13 0.14 0.13 0.03 0.07 0.07 
schumacher:0.04 0.19 0.02 0.16 0.18 0.0 0.06 0.06 0.02 0.07 0.16 0.04 
anakin:0.07 0.01 0.12 0.11 0.14 0.07 0.13 0.13 0.0 0.09 0.02 0.11 
mushroom:0.09 0.15 0.09 0.1 0.2 0.06 0.04 0.07 0.1 0.08 0.02 0.0 
crash:0.0 0.18 0.17 0.07 0.12 0.11 0.05 0.05 0.01 0.16 0.05 0.03 
all-terrain:0.06 0.11 0.06 0.05 0.15 0.04 0.1 0.03 0.1 0.12 0.07 0.11 
mud:0.14 0.02 0.14 0.07 0.07 0.02 0.03 0.11 0.12 0.11 0.12 0.05 
low-profile:0.09 0.06 0.15 0.01 0.12 0.19 0.1 0.14 0.01 0.01 0.01 0.11 
performance:0.1 0.07 0.13 0.01 0.13 0.05 0.01 0.1 0.16 0.08 0.03 0.13 
2 2 1 1 2 3 1 1 3 3 4 4 1 3 2 1 3 1 2 1 3 3 4 5 3 6 4 2 1 1 1 1 1 2 2 2 1 1 1 1 
0.15 0.1 0.3 0.2 0.1 0.05 0.15 0.1 