5
0.95 3 3
30 90
dirt-slalom-flat:29,10,1
asphalt-straight-hilly:27,5,25
dirt-straight-hilly:7,13,8
asphalt-slalom-hilly:3,20,6
dirt-straight-flat:22,30,19
asphalt-slalom-flat:16,21,26,28,17,12,15,9,14
dirt-slalom-hilly:11,24,4
asphalt-straight-flat:2,18,23
5
mazda:0.15 0.06 0.08 0.13 0.09 0.12 0.07 0.06 0.03 0.05 0.12 0.04 
toyota:0.06 0.13 0.12 0.03 0.12 0.05 0.03 0.13 0.12 0.04 0.09 0.08 
ferarri:0.01 0.02 0.1 0.12 0.1 0.1 0.14 0.11 0.09 0.03 0.16 0.02 
humvee:0.12 0.03 0.1 0.09 0.0 0.14 0.13 0.19 0.0 0.12 0.06 0.02 
go-kart:0.04 0.11 0.03 0.03 0.17 0.06 0.13 0.09 0.14 0.13 0.04 0.03 
5
stig:0.1 0.08 0.1 0.15 0.06 0.01 0.1 0.12 0.13 0.09 0.02 0.04 
schumacher:0.21 0.07 0.03 0.07 0.07 0.08 0.1 0.13 0.07 0.15 0.01 0.01 
anakin:0.01 0.09 0.13 0.14 0.07 0.09 0.1 0.14 0.03 0.04 0.08 0.08 
mushroom:0.01 0.08 0.1 0.09 0.03 0.14 0.13 0.11 0.03 0.13 0.02 0.13 
crash:0.13 0.1 0.03 0.09 0.11 0.08 0.09 0.1 0.11 0.06 0.02 0.08 
all-terrain:0.06 0.05 0.08 0.02 0.04 0.04 0.15 0.17 0.17 0.08 0.01 0.13 
mud:0.1 0.08 0.1 0.11 0.1 0.11 0.02 0.1 0.11 0.02 0.11 0.04 
low-profile:0.09 0.06 0.07 0.12 0.08 0.01 0.12 0.2 0.05 0.02 0.08 0.1 
performance:0.02 0.14 0.0 0.15 0.16 0.01 0.1 0.14 0.1 0.12 0.03 0.03 
2 2 1 1 2 3 1 1 3 3 4 4 1 3 2 1 3 1 2 1 3 3 4 5 3 6 4 2 1 1 1 1 1 2 2 2 1 1 1 1 
0.15 0.1 0.3 0.2 0.1 0.05 0.15 0.1 