5
0.95 3 3
30 90
dirt-slalom-flat:28,18,9
asphalt-straight-hilly:12,14,13
dirt-straight-hilly:27,26,2
asphalt-slalom-hilly:7,24,25
dirt-straight-flat:5,20,16
asphalt-slalom-flat:6,21,17,29,15,19,3,22,4
dirt-slalom-hilly:1,8,10
asphalt-straight-flat:11,23,30
5
mazda:0.04 0.07 0.13 0.18 0.05 0.01 0.12 0.1 0.0 0.09 0.08 0.13 
toyota:0.09 0.07 0.12 0.09 0.06 0.02 0.16 0.1 0.07 0.06 0.01 0.15 
ferarri:0.11 0.04 0.13 0.02 0.03 0.15 0.12 0.07 0.12 0.02 0.01 0.18 
humvee:0.05 0.15 0.11 0.0 0.02 0.05 0.04 0.14 0.11 0.11 0.15 0.07 
go-kart:0.1 0.12 0.12 0.0 0.09 0.07 0.08 0.13 0.13 0.01 0.06 0.09 
5
stig:0.02 0.22 0.05 0.07 0.06 0.11 0.06 0.1 0.02 0.01 0.1 0.18 
schumacher:0.11 0.14 0.06 0.06 0.05 0.08 0.04 0.09 0.04 0.12 0.16 0.05 
anakin:0.06 0.09 0.03 0.04 0.02 0.2 0.11 0.0 0.19 0.12 0.01 0.13 
mushroom:0.15 0.14 0.01 0.08 0.11 0.03 0.12 0.01 0.13 0.07 0.06 0.09 
crash:0.11 0.09 0.07 0.03 0.14 0.12 0.04 0.14 0.03 0.09 0.04 0.1 
all-terrain:0.08 0.15 0.02 0.04 0.05 0.09 0.12 0.04 0.1 0.12 0.12 0.07 
mud:0.19 0.06 0.13 0.12 0.06 0.07 0.15 0.06 0.07 0.04 0.05 0.0 
low-profile:0.05 0.07 0.15 0.07 0.07 0.1 0.0 0.14 0.1 0.11 0.06 0.08 
performance:0.05 0.13 0.11 0.13 0.01 0.07 0.06 0.16 0.08 0.14 0.03 0.03 
2 2 1 1 2 3 1 1 3 3 4 4 1 3 2 1 3 1 2 1 3 3 4 5 3 6 4 2 1 1 1 1 1 2 2 2 1 1 1 1 
0.15 0.1 0.3 0.2 0.1 0.05 0.15 0.1 