5
0.95 3 3
30 90
dirt-slalom-flat:9,15,12
asphalt-straight-hilly:29,13,26
dirt-straight-hilly:4,3,23
asphalt-slalom-hilly:2,21,5
dirt-straight-flat:30,24,17
asphalt-slalom-flat:25,1,22,8,27,6,19,28,20
dirt-slalom-hilly:10,11,14
asphalt-straight-flat:7,18,16
5
mazda:0.07 0.11 0.04 0.04 0.18 0.17 0.13 0.03 0.05 0.05 0.09 0.04 
toyota:0.14 0.09 0.09 0.01 0.1 0.09 0.1 0.03 0.1 0.03 0.15 0.07 
ferarri:0.12 0.03 0.07 0.15 0.14 0.02 0.02 0.07 0.12 0.06 0.11 0.09 
humvee:0.08 0.09 0.11 0.06 0.08 0.07 0.07 0.07 0.12 0.09 0.08 0.08 
go-kart:0.04 0.01 0.16 0.15 0.09 0.12 0.12 0.12 0.05 0.02 0.03 0.09 
5
stig:0.12 0.1 0.12 0.02 0.15 0.05 0.09 0.16 0.05 0.04 0.04 0.06 
schumacher:0.12 0.11 0.06 0.1 0.06 0.14 0.07 0.06 0.1 0.09 0.05 0.04 
anakin:0.09 0.07 0.07 0.08 0.07 0.1 0.06 0.12 0.02 0.1 0.12 0.1 
mushroom:0.13 0.01 0.03 0.12 0.09 0.1 0.05 0.11 0.12 0.08 0.11 0.05 
crash:0.06 0.1 0.0 0.1 0.06 0.09 0.17 0.12 0.07 0.04 0.1 0.09 
all-terrain:0.07 0.14 0.01 0.14 0.03 0.08 0.0 0.11 0.04 0.11 0.16 0.11 
mud:0.01 0.08 0.02 0.11 0.15 0.1 0.14 0.09 0.04 0.17 0.05 0.04 
low-profile:0.04 0.08 0.1 0.12 0.03 0.13 0.03 0.14 0.08 0.05 0.06 0.14 
performance:0.03 0.11 0.08 0.06 0.13 0.07 0.05 0.1 0.14 0.04 0.09 0.1 
2 2 1 1 2 3 1 1 3 3 4 4 1 3 2 1 3 1 2 1 3 3 4 5 3 6 4 2 1 1 1 1 1 2 2 2 1 1 1 1 
0.15 0.1 0.3 0.2 0.1 0.05 0.15 0.1 