5
0.95 3 3
30 90
dirt-slalom-flat:8,17,30
asphalt-straight-hilly:20,7,25
dirt-straight-hilly:18,22,29
asphalt-slalom-hilly:11,6,3
dirt-straight-flat:23,9,28
asphalt-slalom-flat:16,10,5,14,15,19,21,24,26
dirt-slalom-hilly:4,13,12
asphalt-straight-flat:27,2,1
5
mazda:0.0 0.09 0.0 0.06 0.07 0.1 0.15 0.06 0.11 0.06 0.14 0.16 
toyota:0.05 0.07 0.0 0.15 0.06 0.17 0.11 0.14 0.15 0.03 0.02 0.05 
ferarri:0.06 0.08 0.13 0.1 0.06 0.1 0.1 0.08 0.06 0.12 0.02 0.09 
humvee:0.06 0.07 0.06 0.07 0.18 0.05 0.01 0.16 0.1 0.07 0.13 0.04 
go-kart:0.09 0.1 0.08 0.03 0.11 0.09 0.0 0.0 0.17 0.04 0.12 0.17 
5
stig:0.08 0.04 0.11 0.01 0.15 0.06 0.15 0.13 0.14 0.0 0.0 0.13 
schumacher:0.15 0.16 0.04 0.13 0.1 0.05 0.05 0.13 0.05 0.08 0.0 0.06 
anakin:0.11 0.16 0.08 0.03 0.08 0.05 0.15 0.03 0.14 0.04 0.05 0.08 
mushroom:0.01 0.14 0.1 0.11 0.14 0.0 0.14 0.13 0.08 0.08 0.06 0.01 
crash:0.17 0.08 0.03 0.02 0.15 0.04 0.08 0.03 0.09 0.13 0.14 0.04 
all-terrain:0.11 0.05 0.12 0.09 0.12 0.1 0.11 0.05 0.03 0.05 0.05 0.12 
mud:0.06 0.17 0.07 0.05 0.06 0.05 0.12 0.09 0.14 0.06 0.06 0.07 
low-profile:0.07 0.09 0.07 0.06 0.13 0.08 0.14 0.09 0.0 0.1 0.08 0.09 
performance:0.09 0.06 0.1 0.04 0.13 0.05 0.06 0.16 0.06 0.09 0.05 0.11 
2 2 1 1 2 3 1 1 3 3 4 4 1 3 2 1 3 1 2 1 3 3 4 5 3 6 4 2 1 1 1 1 1 2 2 2 1 1 1 1 
0.15 0.1 0.3 0.2 0.1 0.05 0.15 0.1 