5
0.95 3 3
30 90
dirt-slalom-flat:28,13,19
asphalt-straight-hilly:16,17,29
dirt-straight-hilly:22,20,1
asphalt-slalom-hilly:26,15,12
dirt-straight-flat:25,30,8
asphalt-slalom-flat:3,5,27,11,6,18,10,21,23
dirt-slalom-hilly:4,9,2
asphalt-straight-flat:14,7,24
5
mazda:0.13 0.05 0.13 0.03 0.13 0.09 0.1 0.05 0.07 0.02 0.14 0.06 
toyota:0.06 0.04 0.13 0.09 0.0 0.07 0.02 0.16 0.03 0.18 0.1 0.12 
ferarri:0.12 0.1 0.08 0.07 0.13 0.07 0.02 0.11 0.12 0.1 0.03 0.05 
humvee:0.04 0.08 0.04 0.12 0.14 0.0 0.12 0.06 0.13 0.08 0.09 0.1 
go-kart:0.14 0.08 0.1 0.01 0.13 0.16 0.05 0.14 0.04 0.02 0.06 0.07 
5
stig:0.1 0.0 0.09 0.08 0.12 0.1 0.1 0.06 0.12 0.03 0.03 0.17 
schumacher:0.06 0.06 0.06 0.08 0.11 0.1 0.01 0.09 0.12 0.08 0.12 0.11 
anakin:0.04 0.08 0.13 0.07 0.06 0.11 0.04 0.06 0.06 0.12 0.08 0.15 
mushroom:0.06 0.15 0.17 0.03 0.08 0.04 0.05 0.13 0.06 0.07 0.04 0.12 
crash:0.11 0.04 0.16 0.05 0.0 0.11 0.1 0.16 0.12 0.08 0.07 0.0 
all-terrain:0.08 0.07 0.13 0.1 0.08 0.06 0.04 0.14 0.11 0.1 0.01 0.08 
mud:0.16 0.02 0.11 0.05 0.04 0.01 0.05 0.2 0.08 0.19 0.09 0.0 
low-profile:0.16 0.01 0.02 0.16 0.06 0.14 0.04 0.02 0.02 0.16 0.09 0.12 
performance:0.04 0.07 0.02 0.17 0.1 0.01 0.04 0.11 0.03 0.18 0.16 0.07 
2 2 1 1 2 3 1 1 3 3 4 4 1 3 2 1 3 1 2 1 3 3 4 5 3 6 4 2 1 1 1 1 1 2 2 2 1 1 1 1 
0.15 0.1 0.3 0.2 0.1 0.05 0.15 0.1 