5
0.95 3 3
30 90
dirt-slalom-flat:26,20,22
asphalt-straight-hilly:13,25,29
dirt-straight-hilly:4,23,27
asphalt-slalom-hilly:21,8,3
dirt-straight-flat:18,7,9
asphalt-slalom-flat:16,17,14,10,5,15,30,1,11
dirt-slalom-hilly:24,28,2
asphalt-straight-flat:19,12,6
5
mazda:0.15 0.07 0.13 0.11 0.01 0.07 0.09 0.08 0.16 0.07 0.0 0.06 
toyota:0.02 0.03 0.0 0.14 0.18 0.0 0.17 0.08 0.04 0.03 0.2 0.11 
ferarri:0.03 0.11 0.08 0.12 0.07 0.01 0.01 0.1 0.08 0.14 0.13 0.12 
humvee:0.11 0.11 0.01 0.07 0.16 0.04 0.03 0.08 0.12 0.08 0.05 0.14 
go-kart:0.07 0.13 0.12 0.06 0.08 0.15 0.01 0.02 0.13 0.01 0.07 0.15 
5
stig:0.16 0.05 0.09 0.11 0.1 0.07 0.12 0.02 0.06 0.09 0.13 0.0 
schumacher:0.0 0.07 0.17 0.02 0.19 0.0 0.02 0.05 0.12 0.1 0.2 0.06 
anakin:0.11 0.13 0.1 0.1 0.13 0.05 0.03 0.1 0.08 0.01 0.13 0.03 
mushroom:0.1 0.15 0.12 0.01 0.03 0.03 0.09 0.12 0.02 0.1 0.08 0.15 
crash:0.02 0.07 0.17 0.02 0.02 0.16 0.09 0.03 0.08 0.16 0.03 0.15 
all-terrain:0.15 0.14 0.05 0.07 0.07 0.04 0.13 0.0 0.07 0.03 0.18 0.07 
mud:0.1 0.14 0.14 0.04 0.13 0.03 0.09 0.05 0.02 0.13 0.08 0.05 
low-profile:0.08 0.06 0.13 0.02 0.13 0.04 0.17 0.08 0.0 0.15 0.11 0.03 
performance:0.06 0.1 0.02 0.06 0.03 0.03 0.13 0.14 0.1 0.14 0.05 0.14 
2 2 1 1 2 3 1 1 3 3 4 4 1 3 2 1 3 1 2 1 3 3 4 5 3 6 4 2 1 1 1 1 1 2 2 2 1 1 1 1 
0.15 0.1 0.3 0.2 0.1 0.05 0.15 0.1 