5
0.95 3 3
30 90
dirt-slalom-flat:26,13,18
asphalt-straight-hilly:21,5,8
dirt-straight-hilly:3,4,20
asphalt-slalom-hilly:30,23,29
dirt-straight-flat:12,7,15
asphalt-slalom-flat:17,2,9,16,1,27,10,22,19
dirt-slalom-hilly:11,14,6
asphalt-straight-flat:28,24,25
5
mazda:0.16 0.1 0.01 0.09 0.11 0.11 0.09 0.12 0.07 0.07 0.02 0.05 
toyota:0.02 0.13 0.11 0.09 0.03 0.09 0.01 0.1 0.12 0.09 0.11 0.1 
ferarri:0.03 0.07 0.05 0.09 0.15 0.15 0.04 0.16 0.07 0.0 0.09 0.1 
humvee:0.02 0.05 0.14 0.01 0.1 0.14 0.13 0.09 0.07 0.08 0.12 0.05 
go-kart:0.0 0.06 0.03 0.17 0.1 0.15 0.12 0.13 0.05 0.06 0.05 0.08 
5
stig:0.08 0.16 0.14 0.02 0.08 0.12 0.12 0.01 0.09 0.05 0.11 0.02 
schumacher:0.03 0.12 0.01 0.08 0.03 0.1 0.07 0.05 0.08 0.13 0.18 0.12 
anakin:0.04 0.11 0.05 0.1 0.02 0.17 0.15 0.09 0.07 0.02 0.08 0.1 
mushroom:0.1 0.08 0.1 0.06 0.08 0.02 0.1 0.08 0.06 0.11 0.11 0.1 
crash:0.05 0.12 0.12 0.13 0.09 0.0 0.03 0.06 0.07 0.04 0.15 0.14 
all-terrain:0.14 0.12 0.06 0.17 0.03 0.01 0.13 0.03 0.02 0.15 0.1 0.04 
mud:0.02 0.13 0.2 0.17 0.04 0.03 0.06 0.02 0.19 0.01 0.07 0.06 
low-profile:0.15 0.02 0.09 0.16 0.08 0.13 0.01 0.04 0.05 0.09 0.02 0.16 
performance:0.03 0.05 0.04 0.08 0.04 0.1 0.17 0.15 0.09 0.14 0.08 0.03 
2 2 1 1 2 3 1 1 3 3 4 4 1 3 2 1 3 1 2 1 3 3 4 5 3 6 4 2 1 1 1 1 1 2 2 2 1 1 1 1 
0.15 0.1 0.3 0.2 0.1 0.05 0.15 0.1 