5
0.95 3 3
30 90
dirt-slalom-flat:15,4,17
asphalt-straight-hilly:18,13,22
dirt-straight-hilly:19,28,23
asphalt-slalom-hilly:11,24,6
dirt-straight-flat:8,20,30
asphalt-slalom-flat:7,5,29,1,27,16,14,9,10
dirt-slalom-hilly:26,12,25
asphalt-straight-flat:21,3,2
5
mazda:0.15 0.0 0.02 0.09 0.15 0.09 0.1 0.0 0.12 0.12 0.11 0.05 
toyota:0.03 0.1 0.1 0.09 0.02 0.04 0.16 0.09 0.1 0.01 0.11 0.15 
ferarri:0.11 0.11 0.12 0.04 0.09 0.07 0.06 0.1 0.01 0.08 0.1 0.11 
humvee:0.12 0.02 0.04 0.03 0.06 0.15 0.02 0.17 0.07 0.12 0.05 0.15 
go-kart:0.14 0.0 0.12 0.08 0.06 0.03 0.15 0.11 0.12 0.0 0.12 0.07 
5
stig:0.06 0.11 0.09 0.15 0.02 0.06 0.14 0.03 0.09 0.09 0.13 0.03 
schumacher:0.04 0.11 0.04 0.1 0.08 0.1 0.09 0.08 0.05 0.11 0.12 0.08 
anakin:0.12 0.13 0.05 0.0 0.04 0.18 0.09 0.02 0.12 0.14 0.11 0.0 
mushroom:0.06 0.12 0.13 0.01 0.09 0.08 0.04 0.09 0.09 0.11 0.12 0.06 
crash:0.01 0.04 0.13 0.05 0.09 0.09 0.11 0.13 0.04 0.13 0.13 0.05 
all-terrain:0.11 0.1 0.03 0.02 0.13 0.13 0.11 0.11 0.06 0.01 0.14 0.05 
mud:0.03 0.13 0.15 0.1 0.03 0.1 0.07 0.03 0.07 0.12 0.02 0.15 
low-profile:0.13 0.05 0.09 0.07 0.04 0.06 0.17 0.17 0.06 0.12 0.02 0.02 
performance:0.08 0.04 0.14 0.02 0.1 0.1 0.01 0.12 0.14 0.01 0.08 0.16 
2 2 1 1 2 3 1 1 3 3 4 4 1 3 2 1 3 1 2 1 3 3 4 5 3 6 4 2 1 1 1 1 1 2 2 2 1 1 1 1 
0.15 0.1 0.3 0.2 0.1 0.05 0.15 0.1 