5
0.95 3 3
30 90
dirt-slalom-flat:14,4,21
asphalt-straight-hilly:19,22,1
dirt-straight-hilly:18,12,30
asphalt-slalom-hilly:5,20,16
dirt-straight-flat:26,10,8
asphalt-slalom-flat:11,2,3,17,7,13,15,28,29
dirt-slalom-hilly:23,24,25
asphalt-straight-flat:6,27,9
5
mazda:0.02 0.04 0.13 0.12 0.04 0.14 0.09 0.09 0.07 0.11 0.05 0.1 
toyota:0.02 0.09 0.13 0.13 0.1 0.07 0.04 0.12 0.11 0.04 0.08 0.07 
ferarri:0.11 0.12 0.05 0.09 0.07 0.06 0.11 0.13 0.13 0.07 0.06 0.0 
humvee:0.07 0.02 0.15 0.02 0.01 0.0 0.09 0.2 0.12 0.15 0.02 0.15 
go-kart:0.11 0.07 0.08 0.16 0.14 0.03 0.1 0.18 0.03 0.06 0.03 0.01 
5
stig:0.12 0.12 0.05 0.12 0.07 0.11 0.05 0.07 0.01 0.13 0.13 0.02 
schumacher:0.08 0.08 0.12 0.0 0.01 0.06 0.15 0.16 0.03 0.07 0.13 0.11 
anakin:0.14 0.0 0.03 0.13 0.09 0.14 0.07 0.02 0.15 0.12 0.07 0.04 
mushroom:0.1 0.11 0.13 0.01 0.01 0.09 0.14 0.12 0.08 0.07 0.06 0.08 
crash:0.12 0.0 0.18 0.02 0.0 0.16 0.07 0.03 0.07 0.13 0.05 0.17 
all-terrain:0.03 0.02 0.18 0.14 0.13 0.15 0.1 0.12 0.05 0.01 0.04 0.03 
mud:0.11 0.09 0.07 0.06 0.02 0.06 0.07 0.08 0.14 0.12 0.16 0.02 
low-profile:0.05 0.07 0.1 0.03 0.05 0.14 0.07 0.11 0.12 0.09 0.09 0.08 
performance:0.06 0.04 0.17 0.05 0.07 0.13 0.13 0.07 0.14 0.0 0.09 0.05 
2 2 1 1 2 3 1 1 3 3 4 4 1 3 2 1 3 1 2 1 3 3 4 5 3 6 4 2 1 1 1 1 1 2 2 2 1 1 1 1 
0.15 0.1 0.3 0.2 0.1 0.05 0.15 0.1 