5
0.95 3 3
30 90
dirt-slalom-flat:20,3,17
asphalt-straight-hilly:4,26,10
dirt-straight-hilly:21,11,29
asphalt-slalom-hilly:5,14,12
dirt-straight-flat:23,19,9
asphalt-slalom-flat:27,7,25,13,22,18,30,16,1
dirt-slalom-hilly:24,6,8
asphalt-straight-flat:28,15,2
5
mazda:0.11 0.02 0.02 0.11 0.08 0.13 0.11 0.08 0.1 0.08 0.08 0.08 
toyota:0.16 0.01 0.16 0.01 0.03 0.15 0.24 0.02 0.11 0.0 0.05 0.06 
ferarri:0.16 0.02 0.01 0.04 0.09 0.17 0.07 0.06 0.06 0.16 0.14 0.02 
humvee:0.16 0.07 0.16 0.13 0.1 0.05 0.02 0.05 0.17 0.03 0.05 0.01 
go-kart:0.15 0.14 0.02 0.13 0.02 0.06 0.13 0.06 0.07 0.02 0.14 0.06 
5
stig:0.07 0.06 0.04 0.13 0.11 0.13 0.13 0.06 0.13 0.06 0.05 0.03 
schumacher:0.13 0.1 0.06 0.06 0.02 0.09 0.13 0.12 0.12 0.06 0.04 0.07 
anakin:0.07 0.09 0.03 0.1 0.11 0.14 0.03 0.0 0.12 0.07 0.09 0.15 
mushroom:0.09 0.14 0.09 0.06 0.06 0.06 0.13 0.04 0.03 0.1 0.07 0.13 
crash:0.09 0.04 0.03 0.11 0.01 0.12 0.13 0.09 0.09 0.08 0.13 0.08 
all-terrain:0.02 0.12 0.12 0.09 0.13 0.01 0.09 0.12 0.13 0.12 0.02 0.03 
mud:0.12 0.09 0.11 0.1 0.13 0.05 0.09 0.13 0.01 0.01 0.07 0.09 
low-profile:0.14 0.14 0.11 0.03 0.13 0.11 0.1 0.03 0.08 0.07 0.03 0.03 
performance:0.03 0.12 0.07 0.13 0.15 0.04 0.1 0.09 0.07 0.12 0.07 0.01 
2 2 1 1 2 3 1 1 3 3 4 4 1 3 2 1 3 1 2 1 3 3 4 5 3 6 4 2 1 1 1 1 1 2 2 2 1 1 1 1 
0.15 0.1 0.3 0.2 0.1 0.05 0.15 0.1 