5
0.95 3 3
30 90
dirt-slalom-flat:15,10,21
asphalt-straight-hilly:28,23,13
dirt-straight-hilly:6,8,1
asphalt-slalom-hilly:18,30,14
dirt-straight-flat:29,26,4
asphalt-slalom-flat:24,7,25,17,9,20,22,5,2
dirt-slalom-hilly:19,27,12
asphalt-straight-flat:3,11,16
5
mazda:0.16 0.0 0.0 0.09 0.0 0.08 0.18 0.07 0.02 0.13 0.18 0.09 
toyota:0.0 0.07 0.16 0.07 0.02 0.1 0.03 0.03 0.19 0.13 0.19 0.01 
ferarri:0.05 0.09 0.1 0.12 0.03 0.08 0.03 0.09 0.12 0.11 0.13 0.05 
humvee:0.07 0.09 0.06 0.06 0.07 0.11 0.07 0.06 0.14 0.09 0.13 0.05 
go-kart:0.06 0.04 0.08 0.09 0.0 0.18 0.09 0.2 0.11 0.01 0.05 0.09 
5
stig:0.17 0.06 0.04 0.19 0.0 0.09 0.18 0.06 0.1 0.03 0.03 0.05 
schumacher:0.08 0.17 0.09 0.1 0.07 0.06 0.15 0.07 0.0 0.02 0.07 0.12 
anakin:0.08 0.13 0.13 0.12 0.0 0.12 0.05 0.15 0.07 0.06 0.02 0.07 
mushroom:0.07 0.01 0.09 0.12 0.09 0.13 0.12 0.05 0.13 0.0 0.13 0.06 
crash:0.13 0.02 0.08 0.16 0.06 0.11 0.07 0.1 0.02 0.1 0.06 0.09 
all-terrain:0.01 0.08 0.12 0.05 0.15 0.06 0.09 0.13 0.03 0.07 0.1 0.11 
mud:0.07 0.05 0.13 0.08 0.1 0.11 0.1 0.06 0.11 0.09 0.0 0.1 
low-profile:0.06 0.12 0.13 0.02 0.07 0.08 0.03 0.1 0.1 0.13 0.07 0.09 
performance:0.11 0.08 0.04 0.18 0.09 0.13 0.0 0.0 0.06 0.09 0.06 0.16 
2 2 1 1 2 3 1 1 3 3 4 4 1 3 2 1 3 1 2 1 3 3 4 5 3 6 4 2 1 1 1 1 1 2 2 2 1 1 1 1 
0.15 0.1 0.3 0.2 0.1 0.05 0.15 0.1 