5
0.95 3 3
30 90
dirt-slalom-flat:3,22,14
asphalt-straight-hilly:8,13,23
dirt-straight-hilly:21,10,2
asphalt-slalom-hilly:5,11,26
dirt-straight-flat:24,29,25
asphalt-slalom-flat:6,4,17,9,28,16,20,12,19
dirt-slalom-hilly:27,18,30
asphalt-straight-flat:1,15,7
5
mazda:0.17 0.03 0.02 0.05 0.05 0.02 0.09 0.18 0.01 0.13 0.09 0.16 
toyota:0.07 0.11 0.12 0.08 0.07 0.15 0.08 0.1 0.1 0.1 0.01 0.01 
ferarri:0.06 0.09 0.09 0.02 0.06 0.1 0.1 0.12 0.07 0.08 0.11 0.1 
humvee:0.15 0.08 0.04 0.04 0.03 0.15 0.01 0.06 0.12 0.15 0.07 0.1 
go-kart:0.15 0.07 0.08 0.14 0.05 0.01 0.16 0.12 0.03 0.1 0.08 0.01 
5
stig:0.1 0.08 0.14 0.08 0.15 0.02 0.12 0.09 0.04 0.0 0.05 0.13 
schumacher:0.06 0.14 0.06 0.12 0.06 0.08 0.02 0.07 0.12 0.04 0.12 0.11 
anakin:0.1 0.14 0.12 0.11 0.0 0.02 0.13 0.11 0.05 0.16 0.03 0.03 
mushroom:0.12 0.14 0.02 0.06 0.13 0.03 0.12 0.01 0.0 0.14 0.14 0.09 
crash:0.05 0.07 0.11 0.09 0.12 0.08 0.11 0.1 0.06 0.09 0.07 0.05 
all-terrain:0.11 0.14 0.08 0.08 0.05 0.09 0.06 0.07 0.15 0.02 0.06 0.09 
mud:0.03 0.11 0.15 0.11 0.07 0.14 0.0 0.14 0.07 0.07 0.05 0.06 
low-profile:0.07 0.01 0.14 0.12 0.08 0.15 0.1 0.15 0.04 0.05 0.0 0.09 
performance:0.07 0.07 0.08 0.12 0.06 0.12 0.07 0.12 0.11 0.03 0.15 0.0 
2 2 1 1 2 3 1 1 3 3 4 4 1 3 2 1 3 1 2 1 3 3 4 5 3 6 4 2 1 1 1 1 1 2 2 2 1 1 1 1 
0.15 0.1 0.3 0.2 0.1 0.05 0.15 0.1 