5
0.95 3 3
30 90
dirt-slalom-flat:15,20,1
asphalt-straight-hilly:28,29,6
dirt-straight-hilly:9,22,30
asphalt-slalom-hilly:16,12,21
dirt-straight-flat:23,19,2
asphalt-slalom-flat:4,8,27,7,25,18,10,11,26
dirt-slalom-hilly:14,17,24
asphalt-straight-flat:13,5,3
5
mazda:0.06 0.08 0.05 0.07 0.13 0.12 0.16 0.1 0.12 0.06 0.01 0.04 
toyota:0.04 0.04 0.04 0.06 0.13 0.0 0.18 0.09 0.09 0.11 0.19 0.03 
ferarri:0.09 0.02 0.14 0.11 0.03 0.17 0.15 0.07 0.11 0.06 0.02 0.03 
humvee:0.1 0.11 0.07 0.19 0.0 0.12 0.13 0.05 0.02 0.06 0.09 0.06 
go-kart:0.09 0.15 0.11 0.08 0.07 0.03 0.05 0.08 0.1 0.12 0.04 0.08 
5
stig:0.07 0.13 0.14 0.06 0.05 0.0 0.08 0.13 0.13 0.02 0.07 0.12 
schumacher:0.04 0.08 0.02 0.07 0.12 0.13 0.09 0.02 0.11 0.07 0.14 0.11 
anakin:0.1 0.03 0.03 0.09 0.13 0.08 0.07 0.08 0.09 0.06 0.12 0.12 
mushroom:0.01 0.1 0.17 0.05 0.04 0.06 0.08 0.02 0.21 0.0 0.18 0.08 
crash:0.11 0.09 0.13 0.09 0.0 0.08 0.12 0.12 0.08 0.06 0.11 0.01 
all-terrain:0.03 0.0 0.13 0.06 0.01 0.05 0.07 0.2 0.04 0.17 0.07 0.17 
mud:0.09 0.08 0.15 0.11 0.1 0.03 0.0 0.1 0.03 0.05 0.13 0.13 
low-profile:0.08 0.08 0.15 0.02 0.14 0.01 0.11 0.15 0.06 0.12 0.04 0.04 
performance:0.05 0.07 0.13 0.13 0.11 0.05 0.03 0.1 0.09 0.08 0.03 0.13 
2 2 1 1 2 3 1 1 3 3 4 4 1 3 2 1 3 1 2 1 3 3 4 5 3 6 4 2 1 1 1 1 1 2 2 2 1 1 1 1 
0.15 0.1 0.3 0.2 0.1 0.05 0.15 0.1 