5
0.95 3 3
30 90
dirt-slalom-flat:21,12,25
asphalt-straight-hilly:4,19,29
dirt-straight-hilly:2,24,1
asphalt-slalom-hilly:16,17,22
dirt-straight-flat:5,6,27
asphalt-slalom-flat:7,10,23,26,13,3,11,30,15
dirt-slalom-hilly:20,8,18
asphalt-straight-flat:14,9,28
5
mazda:0.01 0.06 0.02 0.05 0.14 0.12 0.19 0.01 0.0 0.12 0.15 0.13 
toyota:0.06 0.11 0.01 0.16 0.14 0.02 0.06 0.16 0.11 0.07 0.05 0.05 
ferarri:0.15 0.05 0.09 0.08 0.16 0.08 0.02 0.02 0.16 0.02 0.14 0.03 
humvee:0.01 0.04 0.04 0.15 0.17 0.12 0.11 0.14 0.03 0.02 0.09 0.08 
go-kart:0.01 0.11 0.18 0.16 0.09 0.02 0.07 0.03 0.08 0.1 0.02 0.13 
5
stig:0.12 0.07 0.1 0.12 0.08 0.12 0.08 0.01 0.12 0.05 0.09 0.04 
schumacher:0.14 0.11 0.1 0.15 0.19 0.03 0.03 0.04 0.03 0.13 0.01 0.04 
anakin:0.03 0.0 0.07 0.09 0.01 0.14 0.0 0.15 0.11 0.16 0.13 0.11 
mushroom:0.11 0.02 0.05 0.12 0.11 0.09 0.11 0.13 0.01 0.09 0.03 0.13 
crash:0.04 0.09 0.01 0.03 0.1 0.12 0.08 0.07 0.11 0.12 0.11 0.12 
all-terrain:0.07 0.07 0.13 0.01 0.09 0.19 0.14 0.11 0.01 0.12 0.03 0.03 
mud:0.04 0.07 0.05 0.09 0.12 0.04 0.11 0.02 0.11 0.1 0.14 0.11 
low-profile:0.14 0.04 0.11 0.14 0.14 0.0 0.03 0.0 0.09 0.14 0.1 0.07 
performance:0.05 0.13 0.06 0.16 0.0 0.15 0.13 0.14 0.02 0.1 0.03 0.03 
2 2 1 1 2 3 1 1 3 3 4 4 1 3 2 1 3 1 2 1 3 3 4 5 3 6 4 2 1 1 1 1 1 2 2 2 1 1 1 1 
0.15 0.1 0.3 0.2 0.1 0.05 0.15 0.1 