5
0.95 3 3
30 90
dirt-slalom-flat:5,16,10
asphalt-straight-hilly:6,26,15
dirt-straight-hilly:9,11,29
asphalt-slalom-hilly:3,12,1
dirt-straight-flat:2,23,25
asphalt-slalom-flat:20,24,28,8,7,30,18,14,22
dirt-slalom-hilly:17,19,4
asphalt-straight-flat:27,13,21
5
mazda:0.15 0.16 0.02 0.1 0.03 0.06 0.16 0.11 0.05 0.02 0.05 0.09 
toyota:0.01 0.11 0.16 0.09 0.1 0.1 0.06 0.03 0.14 0.04 0.03 0.13 
ferarri:0.05 0.08 0.13 0.13 0.05 0.04 0.1 0.07 0.06 0.13 0.12 0.04 
humvee:0.08 0.02 0.13 0.08 0.13 0.13 0.05 0.04 0.06 0.1 0.11 0.07 
go-kart:0.05 0.0 0.21 0.05 0.0 0.14 0.21 0.15 0.08 0.01 0.05 0.05 
5
stig:0.01 0.04 0.08 0.14 0.07 0.16 0.13 0.03 0.08 0.05 0.08 0.13 
schumacher:0.1 0.04 0.1 0.07 0.08 0.11 0.12 0.03 0.15 0.1 0.0 0.1 
anakin:0.07 0.11 0.02 0.06 0.07 0.09 0.09 0.11 0.07 0.11 0.07 0.13 
mushroom:0.09 0.12 0.07 0.01 0.03 0.12 0.08 0.11 0.05 0.06 0.15 0.11 
crash:0.01 0.13 0.06 0.06 0.12 0.04 0.04 0.11 0.12 0.1 0.11 0.1 
all-terrain:0.1 0.12 0.08 0.07 0.08 0.07 0.07 0.05 0.1 0.12 0.13 0.01 
mud:0.11 0.01 0.09 0.12 0.1 0.09 0.01 0.12 0.06 0.13 0.04 0.12 
low-profile:0.08 0.05 0.11 0.06 0.08 0.06 0.08 0.07 0.11 0.14 0.14 0.02 
performance:0.12 0.11 0.14 0.12 0.05 0.13 0.01 0.03 0.07 0.04 0.04 0.14 
2 2 1 1 2 3 1 1 3 3 4 4 1 3 2 1 3 1 2 1 3 3 4 5 3 6 4 2 1 1 1 1 1 2 2 2 1 1 1 1 
0.15 0.1 0.3 0.2 0.1 0.05 0.15 0.1 