5
0.95 3 3
30 90
dirt-slalom-flat:11,25,4
asphalt-straight-hilly:30,17,16
dirt-straight-hilly:13,27,7
asphalt-slalom-hilly:9,26,18
dirt-straight-flat:19,8,29
asphalt-slalom-flat:21,12,1,22,3,2,5,14,23
dirt-slalom-hilly:24,20,10
asphalt-straight-flat:6,28,15
5
mazda:0.13 0.11 0.06 0.02 0.13 0.04 0.01 0.14 0.04 0.14 0.02 0.16 
toyota:0.17 0.07 0.07 0.02 0.02 0.18 0.03 0.12 0.06 0.18 0.07 0.01 
ferarri:0.18 0.06 0.02 0.06 0.13 0.16 0.03 0.07 0.0 0.13 0.07 0.09 
humvee:0.12 0.08 0.12 0.02 0.15 0.17 0.09 0.03 0.01 0.08 0.09 0.04 
go-kart:0.05 0.14 0.0 0.13 0.09 0.04 0.08 0.02 0.1 0.11 0.21 0.03 
5
stig:0.03 0.03 0.11 0.12 0.1 0.11 0.04 0.05 0.14 0.09 0.1 0.08 
schumacher:0.1 0.03 0.13 0.05 0.05 0.13 0.09 0.14 0.02 0.1 0.15 0.01 
anakin:0.11 0.13 0.02 0.1 0.13 0.07 0.03 0.03 0.0 0.1 0.14 0.14 
mushroom:0.04 0.13 0.08 0.14 0.07 0.18 0.02 0.02 0.07 0.11 0.09 0.05 
crash:0.05 0.17 0.13 0.06 0.1 0.07 0.05 0.03 0.02 0.07 0.11 0.14 
all-terrain:0.02 0.0 0.0 0.15 0.04 0.1 0.17 0.04 0.1 0.16 0.1 0.12 
mud:0.03 0.15 0.07 0.1 0.16 0.01 0.16 0.07 0.09 0.02 0.05 0.09 
low-profile:0.0 0.1 0.05 0.14 0.05 0.13 0.13 0.03 0.12 0.1 0.07 0.08 
performance:0.12 0.05 0.11 0.06 0.04 0.07 0.0 0.06 0.13 0.13 0.12 0.11 
2 2 1 1 2 3 1 1 3 3 4 4 1 3 2 1 3 1 2 1 3 3 4 5 3 6 4 2 1 1 1 1 1 2 2 2 1 1 1 1 
0.15 0.1 0.3 0.2 0.1 0.05 0.15 0.1 