5
0.95 3 3
30 90
dirt-slalom-flat:19,16,27
asphalt-straight-hilly:18,22,4
dirt-straight-hilly:10,15,28
asphalt-slalom-hilly:5,17,2
dirt-straight-flat:29,11,14
asphalt-slalom-flat:3,25,24,20,21,9,1,26,12
dirt-slalom-hilly:23,8,30
asphalt-straight-flat:13,6,7
5
mazda:0.04 0.08 0.02 0.09 0.16 0.01 0.12 0.11 0.15 0.06 0.08 0.08 
toyota:0.15 0.05 0.02 0.06 0.14 0.12 0.14 0.04 0.05 0.17 0.03 0.03 
ferarri:0.03 0.1 0.12 0.05 0.13 0.12 0.08 0.06 0.0 0.08 0.11 0.12 
humvee:0.12 0.06 0.07 0.12 0.02 0.11 0.16 0.04 0.12 0.03 0.0 0.15 
go-kart:0.14 0.14 0.06 0.06 0.02 0.1 0.05 0.09 0.1 0.11 0.05 0.08 
5
stig:0.13 0.13 0.04 0.03 0.14 0.03 0.14 0.09 0.1 0.02 0.04 0.11 
schumacher:0.06 0.06 0.12 0.12 0.07 0.12 0.01 0.07 0.12 0.14 0.02 0.09 
anakin:0.13 0.06 0.04 0.07 0.02 0.13 0.1 0.12 0.13 0.05 0.14 0.01 
mushroom:0.07 0.04 0.1 0.13 0.14 0.1 0.1 0.07 0.12 0.02 0.0 0.11 
crash:0.03 0.03 0.13 0.1 0.1 0.13 0.08 0.11 0.03 0.1 0.15 0.01 
all-terrain:0.11 0.12 0.1 0.01 0.13 0.11 0.09 0.1 0.07 0.06 0.01 0.09 
mud:0.09 0.06 0.09 0.1 0.07 0.02 0.07 0.1 0.12 0.08 0.1 0.1 
low-profile:0.13 0.07 0.12 0.02 0.02 0.05 0.16 0.09 0.08 0.16 0.06 0.04 
performance:0.11 0.06 0.15 0.03 0.06 0.03 0.14 0.12 0.07 0.07 0.04 0.12 
2 2 1 1 2 3 1 1 3 3 4 4 1 3 2 1 3 1 2 1 3 3 4 5 3 6 4 2 1 1 1 1 1 2 2 2 1 1 1 1 
0.15 0.1 0.3 0.2 0.1 0.05 0.15 0.1 