5
0.95 3 3
30 90
dirt-slalom-flat:28,12,1
asphalt-straight-hilly:24,7,8
dirt-straight-hilly:13,4,18
asphalt-slalom-hilly:6,23,9
dirt-straight-flat:14,10,5
asphalt-slalom-flat:21,19,29,17,27,26,16,3,2
dirt-slalom-hilly:25,11,15
asphalt-straight-flat:20,22,30
5
mazda:0.07 0.16 0.03 0.06 0.14 0.0 0.12 0.0 0.18 0.08 0.05 0.11 
toyota:0.15 0.13 0.05 0.01 0.08 0.12 0.14 0.0 0.13 0.04 0.11 0.04 
ferarri:0.12 0.03 0.04 0.06 0.05 0.13 0.11 0.2 0.08 0.06 0.08 0.04 
humvee:0.01 0.17 0.1 0.15 0.11 0.2 0.0 0.08 0.0 0.14 0.0 0.04 
go-kart:0.16 0.07 0.1 0.1 0.16 0.07 0.03 0.03 0.1 0.05 0.06 0.07 
5
stig:0.08 0.19 0.17 0.11 0.14 0.14 0.01 0.07 0.01 0.07 0.0 0.01 
schumacher:0.03 0.06 0.04 0.08 0.14 0.14 0.05 0.07 0.12 0.1 0.05 0.12 
anakin:0.1 0.06 0.13 0.14 0.0 0.09 0.1 0.1 0.04 0.14 0.05 0.05 
mushroom:0.03 0.14 0.06 0.12 0.03 0.13 0.04 0.07 0.09 0.14 0.01 0.14 
crash:0.07 0.15 0.18 0.01 0.05 0.02 0.03 0.18 0.06 0.11 0.0 0.14 
all-terrain:0.03 0.13 0.11 0.09 0.03 0.04 0.13 0.04 0.07 0.09 0.11 0.13 
mud:0.14 0.15 0.08 0.04 0.04 0.06 0.1 0.03 0.12 0.13 0.11 0.0 
low-profile:0.05 0.15 0.03 0.16 0.0 0.1 0.02 0.04 0.05 0.17 0.09 0.14 
performance:0.05 0.16 0.17 0.02 0.12 0.03 0.1 0.05 0.1 0.01 0.16 0.03 
2 2 1 1 2 3 1 1 3 3 4 4 1 3 2 1 3 1 2 1 3 3 4 5 3 6 4 2 1 1 1 1 1 2 2 2 1 1 1 1 
0.15 0.1 0.3 0.2 0.1 0.05 0.15 0.1 