5
0.95 3 3
30 90
dirt-slalom-flat:24,12,27
asphalt-straight-hilly:19,30,13
dirt-straight-hilly:28,18,17
asphalt-slalom-hilly:15,9,10
dirt-straight-flat:23,14,29
asphalt-slalom-flat:16,7,21,11,6,1,22,26,25
dirt-slalom-hilly:4,5,20
asphalt-straight-flat:8,3,2
5
mazda:0.03 0.17 0.04 0.12 0.03 0.05 0.06 0.09 0.14 0.05 0.13 0.09 
toyota:0.14 0.15 0.1 0.01 0.02 0.17 0.14 0.04 0.1 0.06 0.0 0.07 
ferarri:0.12 0.06 0.07 0.14 0.0 0.1 0.07 0.11 0.12 0.11 0.03 0.07 
humvee:0.01 0.01 0.18 0.1 0.01 0.13 0.11 0.08 0.06 0.14 0.13 0.04 
go-kart:0.05 0.09 0.11 0.09 0.02 0.14 0.1 0.15 0.03 0.03 0.08 0.11 
5
stig:0.01 0.15 0.12 0.12 0.14 0.11 0.08 0.12 0.05 0.03 0.05 0.02 
schumacher:0.04 0.15 0.1 0.03 0.04 0.09 0.11 0.07 0.14 0.14 0.02 0.07 
anakin:0.09 0.15 0.1 0.1 0.01 0.1 0.15 0.0 0.07 0.0 0.13 0.1 
mushroom:0.04 0.0 0.08 0.19 0.06 0.08 0.2 0.14 0.04 0.0 0.0 0.17 
crash:0.06 0.07 0.02 0.12 0.12 0.04 0.02 0.09 0.11 0.06 0.15 0.14 
all-terrain:0.13 0.01 0.08 0.04 0.13 0.18 0.11 0.15 0.08 0.03 0.01 0.05 
mud:0.06 0.11 0.07 0.1 0.09 0.12 0.12 0.07 0.03 0.04 0.02 0.17 
low-profile:0.02 0.16 0.05 0.13 0.11 0.02 0.0 0.12 0.14 0.07 0.08 0.1 
performance:0.0 0.13 0.02 0.14 0.15 0.08 0.0 0.01 0.13 0.14 0.02 0.18 
2 2 1 1 2 3 1 1 3 3 4 4 1 3 2 1 3 1 2 1 3 3 4 5 3 6 4 2 1 1 1 1 1 2 2 2 1 1 1 1 
0.15 0.1 0.3 0.2 0.1 0.05 0.15 0.1 