5
0.95 3 3
30 90
dirt-slalom-flat:4,12,22
asphalt-straight-hilly:23,25,11
dirt-straight-hilly:26,1,18
asphalt-slalom-hilly:3,30,27
dirt-straight-flat:13,29,5
asphalt-slalom-flat:6,15,2,7,28,14,24,17,9
dirt-slalom-hilly:20,19,8
asphalt-straight-flat:10,21,16
5
mazda:0.14 0.13 0.05 0.11 0.05 0.02 0.09 0.06 0.03 0.15 0.12 0.05 
toyota:0.1 0.12 0.09 0.09 0.1 0.07 0.11 0.01 0.05 0.06 0.11 0.09 
ferarri:0.14 0.12 0.09 0.07 0.18 0.02 0.01 0.08 0.13 0.06 0.04 0.06 
humvee:0.15 0.11 0.02 0.11 0.1 0.02 0.11 0.04 0.12 0.03 0.14 0.05 
go-kart:0.05 0.04 0.11 0.13 0.04 0.11 0.13 0.08 0.08 0.1 0.11 0.02 
5
stig:0.1 0.12 0.06 0.11 0.11 0.09 0.15 0.01 0.12 0.02 0.09 0.02 
schumacher:0.03 0.0 0.12 0.15 0.05 0.19 0.13 0.11 0.06 0.09 0.06 0.01 
anakin:0.11 0.04 0.08 0.13 0.11 0.06 0.13 0.1 0.04 0.11 0.09 0.0 
mushroom:0.15 0.14 0.09 0.09 0.08 0.16 0.02 0.04 0.1 0.07 0.06 0.0 
crash:0.04 0.09 0.1 0.13 0.12 0.08 0.05 0.05 0.13 0.04 0.08 0.09 
all-terrain:0.11 0.09 0.08 0.01 0.04 0.14 0.11 0.02 0.09 0.11 0.13 0.07 
mud:0.15 0.02 0.03 0.16 0.09 0.05 0.03 0.15 0.03 0.09 0.05 0.15 
low-profile:0.12 0.0 0.05 0.11 0.04 0.08 0.05 0.14 0.18 0.05 0.04 0.14 
performance:0.16 0.02 0.04 0.03 0.14 0.06 0.06 0.1 0.15 0.04 0.05 0.15 
2 2 1 1 2 3 1 1 3 3 4 4 1 3 2 1 3 1 2 1 3 3 4 5 3 6 4 2 1 1 1 1 1 2 2 2 1 1 1 1 
0.15 0.1 0.3 0.2 0.1 0.05 0.15 0.1 