5
0.95 3 3
30 90
dirt-slalom-flat:11,17,29
asphalt-straight-hilly:8,22,20
dirt-straight-hilly:1,24,14
asphalt-slalom-hilly:12,7,23
dirt-straight-flat:5,2,30
asphalt-slalom-flat:28,4,3,9,18,26,19,25,27
dirt-slalom-hilly:10,6,13
asphalt-straight-flat:16,15,21
5
mazda:0.01 0.13 0.09 0.04 0.14 0.17 0.02 0.05 0.13 0.02 0.12 0.08 
toyota:0.05 0.18 0.05 0.14 0.0 0.13 0.04 0.18 0.08 0.06 0.06 0.03 
ferarri:0.07 0.16 0.02 0.17 0.11 0.05 0.06 0.03 0.08 0.06 0.09 0.1 
humvee:0.08 0.08 0.12 0.11 0.12 0.03 0.05 0.03 0.11 0.05 0.11 0.11 
go-kart:0.08 0.13 0.07 0.1 0.09 0.14 0.13 0.14 0.02 0.01 0.05 0.04 
5
stig:0.07 0.0 0.15 0.11 0.02 0.09 0.11 0.21 0.18 0.04 0.01 0.01 
schumacher:0.04 0.13 0.13 0.12 0.08 0.1 0.01 0.12 0.06 0.11 0.05 0.05 
anakin:0.04 0.11 0.08 0.13 0.08 0.09 0.18 0.13 0.06 0.01 0.02 0.07 
mushroom:0.06 0.07 0.04 0.05 0.11 0.13 0.09 0.13 0.11 0.02 0.08 0.11 
crash:0.18 0.0 0.01 0.11 0.12 0.06 0.01 0.1 0.19 0.08 0.06 0.08 
all-terrain:0.01 0.02 0.14 0.1 0.07 0.01 0.13 0.14 0.16 0.02 0.04 0.16 
mud:0.16 0.02 0.16 0.02 0.14 0.05 0.1 0.06 0.05 0.03 0.07 0.14 
low-profile:0.14 0.09 0.13 0.02 0.03 0.15 0.11 0.03 0.11 0.07 0.11 0.01 
performance:0.04 0.08 0.15 0.11 0.02 0.07 0.13 0.11 0.05 0.14 0.05 0.05 
2 2 1 1 2 3 1 1 3 3 4 4 1 3 2 1 3 1 2 1 3 3 4 5 3 6 4 2 1 1 1 1 1 2 2 2 1 1 1 1 
0.15 0.1 0.3 0.2 0.1 0.05 0.15 0.1 