5
0.95 3 3
30 90
dirt-slalom-flat:16,20,26
asphalt-straight-hilly:17,8,12
dirt-straight-hilly:29,13,1
asphalt-slalom-hilly:23,9,6
dirt-straight-flat:30,14,21
asphalt-slalom-flat:3,4,27,15,25,24,10,18,28
dirt-slalom-hilly:5,19,22
asphalt-straight-flat:7,11,2
5
mazda:0.16 0.17 0.06 0.12 0.19 0.08 0.09 0.0 0.04 0.08 0.01 0.0 
toyota:0.18 0.0 0.12 0.22 0.05 0.07 0.11 0.05 0.02 0.05 0.09 0.04 
ferarri:0.1 0.16 0.02 0.08 0.06 0.17 0.03 0.08 0.01 0.11 0.05 0.13 
humvee:0.09 0.04 0.04 0.1 0.07 0.12 0.02 0.13 0.14 0.13 0.03 0.09 
go-kart:0.17 0.06 0.08 0.02 0.05 0.12 0.1 0.07 0.02 0.11 0.03 0.17 
5
stig:0.13 0.07 0.05 0.18 0.0 0.09 0.12 0.03 0.07 0.06 0.14 0.06 
schumacher:0.0 0.09 0.15 0.08 0.17 0.04 0.18 0.06 0.05 0.09 0.03 0.06 
anakin:0.01 0.13 0.11 0.15 0.08 0.12 0.08 0.1 0.01 0.1 0.06 0.05 
mushroom:0.05 0.01 0.13 0.09 0.13 0.16 0.18 0.01 0.02 0.15 0.06 0.01 
crash:0.06 0.12 0.02 0.07 0.03 0.1 0.12 0.11 0.01 0.09 0.15 0.12 
all-terrain:0.04 0.16 0.12 0.05 0.05 0.12 0.06 0.06 0.08 0.08 0.02 0.16 
mud:0.11 0.13 0.06 0.07 0.07 0.02 0.03 0.02 0.14 0.16 0.11 0.08 
low-profile:0.1 0.19 0.08 0.08 0.05 0.09 0.13 0.0 0.01 0.06 0.11 0.1 
performance:0.13 0.03 0.14 0.15 0.01 0.15 0.1 0.01 0.0 0.02 0.13 0.13 
2 2 1 1 2 3 1 1 3 3 4 4 1 3 2 1 3 1 2 1 3 3 4 5 3 6 4 2 1 1 1 1 1 2 2 2 1 1 1 1 
0.15 0.1 0.3 0.2 0.1 0.05 0.15 0.1 