5
0.95 3 3
30 90
dirt-slalom-flat:12,10,26
asphalt-straight-hilly:18,5,4
dirt-straight-hilly:13,25,7
asphalt-slalom-hilly:27,2,9
dirt-straight-flat:23,16,8
asphalt-slalom-flat:22,3,17,19,21,11,20,14,28
dirt-slalom-hilly:30,15,24
asphalt-straight-flat:1,29,6
5
mazda:0.07 0.02 0.02 0.05 0.01 0.13 0.21 0.1 0.12 0.18 0.05 0.04 
toyota:0.1 0.03 0.05 0.01 0.11 0.17 0.1 0.08 0.01 0.17 0.04 0.13 
ferarri:0.05 0.05 0.15 0.04 0.1 0.07 0.04 0.1 0.01 0.1 0.11 0.18 
humvee:0.13 0.04 0.11 0.12 0.07 0.04 0.09 0.08 0.05 0.01 0.15 0.11 
go-kart:0.05 0.16 0.04 0.07 0.09 0.12 0.12 0.15 0.0 0.06 0.0 0.14 
5
stig:0.13 0.18 0.05 0.07 0.08 0.03 0.02 0.1 0.1 0.08 0.03 0.13 
schumacher:0.03 0.14 0.07 0.09 0.13 0.06 0.12 0.16 0.04 0.02 0.01 0.13 
anakin:0.14 0.05 0.11 0.13 0.07 0.02 0.13 0.04 0.07 0.0 0.12 0.12 
mushroom:0.0 0.04 0.09 0.16 0.09 0.07 0.04 0.02 0.08 0.12 0.13 0.16 
crash:0.08 0.11 0.1 0.07 0.12 0.15 0.11 0.04 0.02 0.02 0.14 0.04 
all-terrain:0.09 0.11 0.06 0.03 0.11 0.13 0.04 0.11 0.1 0.07 0.09 0.06 
mud:0.06 0.15 0.09 0.14 0.04 0.07 0.14 0.0 0.09 0.01 0.12 0.09 
low-profile:0.02 0.16 0.06 0.06 0.08 0.14 0.18 0.13 0.1 0.02 0.03 0.02 
performance:0.1 0.13 0.14 0.12 0.03 0.07 0.05 0.02 0.11 0.09 0.02 0.12 
2 2 1 1 2 3 1 1 3 3 4 4 1 3 2 1 3 1 2 1 3 3 4 5 3 6 4 2 1 1 1 1 1 2 2 2 1 1 1 1 
0.15 0.1 0.3 0.2 0.1 0.05 0.15 0.1 