5
0.95 3 3
30 90
dirt-slalom-flat:28,18,10
asphalt-straight-hilly:11,9,7
dirt-straight-hilly:15,27,14
asphalt-slalom-hilly:25,3,22
dirt-straight-flat:2,24,1
asphalt-slalom-flat:19,29,17,5,8,6,23,20,26
dirt-slalom-hilly:21,12,16
asphalt-straight-flat:4,30,13
5
mazda:0.05 0.04 0.16 0.14 0.17 0.01 0.07 0.05 0.0 0.15 0.09 0.07 
toyota:0.08 0.03 0.07 0.19 0.06 0.18 0.1 0.02 0.17 0.07 0.03 0.0 
ferarri:0.1 0.0 0.11 0.13 0.06 0.02 0.15 0.16 0.11 0.08 0.05 0.03 
humvee:0.08 0.03 0.11 0.1 0.08 0.1 0.11 0.13 0.05 0.08 0.02 0.11 
go-kart:0.03 0.08 0.11 0.1 0.1 0.03 0.14 0.13 0.06 0.05 0.11 0.06 
5
stig:0.05 0.07 0.03 0.12 0.05 0.09 0.1 0.07 0.1 0.1 0.11 0.11 
schumacher:0.0 0.04 0.13 0.08 0.06 0.13 0.1 0.15 0.06 0.06 0.03 0.16 
anakin:0.04 0.05 0.04 0.19 0.07 0.05 0.18 0.01 0.17 0.06 0.11 0.03 
mushroom:0.11 0.13 0.12 0.12 0.07 0.08 0.01 0.02 0.1 0.12 0.03 0.09 
crash:0.1 0.02 0.03 0.08 0.07 0.08 0.16 0.03 0.14 0.01 0.13 0.15 
all-terrain:0.12 0.14 0.14 0.03 0.07 0.16 0.16 0.05 0.07 0.01 0.02 0.03 
mud:0.11 0.05 0.09 0.08 0.13 0.05 0.13 0.13 0.0 0.04 0.07 0.12 
low-profile:0.01 0.12 0.1 0.0 0.1 0.15 0.05 0.11 0.16 0.06 0.05 0.09 
performance:0.16 0.08 0.08 0.08 0.15 0.1 0.05 0.0 0.04 0.03 0.17 0.06 
2 2 1 1 2 3 1 1 3 3 4 4 1 3 2 1 3 1 2 1 3 3 4 5 3 6 4 2 1 1 1 1 1 2 2 2 1 1 1 1 
0.15 0.1 0.3 0.2 0.1 0.05 0.15 0.1 