5
0.95 3 3
30 90
dirt-slalom-flat:23,9,2
asphalt-straight-hilly:16,7,21
dirt-straight-hilly:27,29,24
asphalt-slalom-hilly:1,19,12
dirt-straight-flat:18,13,30
asphalt-slalom-flat:5,10,4,3,25,28,8,26,22
dirt-slalom-hilly:14,20,17
asphalt-straight-flat:11,6,15
5
mazda:0.01 0.15 0.18 0.02 0.14 0.08 0.01 0.18 0.01 0.14 0.04 0.04 
toyota:0.07 0.18 0.05 0.06 0.07 0.11 0.02 0.02 0.02 0.11 0.2 0.09 
ferarri:0.1 0.12 0.12 0.01 0.08 0.1 0.15 0.06 0.02 0.06 0.04 0.14 
humvee:0.04 0.13 0.07 0.02 0.02 0.09 0.16 0.0 0.03 0.06 0.19 0.19 
go-kart:0.11 0.01 0.04 0.12 0.12 0.08 0.12 0.06 0.1 0.08 0.06 0.1 
5
stig:0.2 0.19 0.02 0.01 0.02 0.03 0.06 0.12 0.07 0.02 0.04 0.22 
schumacher:0.09 0.08 0.07 0.09 0.11 0.06 0.11 0.05 0.06 0.13 0.02 0.13 
anakin:0.11 0.04 0.11 0.09 0.03 0.09 0.08 0.1 0.07 0.12 0.05 0.11 
mushroom:0.12 0.08 0.16 0.07 0.07 0.11 0.0 0.09 0.02 0.09 0.13 0.06 
crash:0.03 0.11 0.05 0.15 0.1 0.06 0.13 0.03 0.04 0.18 0.06 0.06 
all-terrain:0.16 0.18 0.04 0.0 0.13 0.02 0.02 0.02 0.09 0.2 0.07 0.07 
mud:0.0 0.13 0.16 0.1 0.07 0.18 0.01 0.09 0.05 0.05 0.06 0.1 
low-profile:0.12 0.08 0.14 0.11 0.1 0.12 0.0 0.0 0.01 0.12 0.14 0.06 
performance:0.1 0.02 0.14 0.12 0.13 0.01 0.06 0.08 0.05 0.04 0.08 0.17 
2 2 1 1 2 3 1 1 3 3 4 4 1 3 2 1 3 1 2 1 3 3 4 5 3 6 4 2 1 1 1 1 1 2 2 2 1 1 1 1 
0.15 0.1 0.3 0.2 0.1 0.05 0.15 0.1 