5
0.95 3 3
30 90
dirt-slalom-flat:26,5,22
asphalt-straight-hilly:7,21,25
dirt-straight-hilly:13,23,20
asphalt-slalom-hilly:8,1,12
dirt-straight-flat:19,30,18
asphalt-slalom-flat:4,28,2,3,15,27,11,14,16
dirt-slalom-hilly:29,6,24
asphalt-straight-flat:17,10,9
5
mazda:0.14 0.09 0.02 0.09 0.13 0.0 0.05 0.15 0.05 0.05 0.11 0.12 
toyota:0.05 0.11 0.01 0.18 0.03 0.15 0.04 0.05 0.08 0.08 0.08 0.14 
ferarri:0.04 0.05 0.07 0.01 0.0 0.21 0.05 0.13 0.1 0.19 0.01 0.14 
humvee:0.12 0.05 0.09 0.04 0.1 0.02 0.14 0.07 0.15 0.04 0.04 0.14 
go-kart:0.06 0.07 0.1 0.06 0.11 0.05 0.12 0.13 0.12 0.1 0.04 0.04 
5
stig:0.02 0.1 0.14 0.09 0.09 0.07 0.03 0.11 0.14 0.1 0.09 0.02 
schumacher:0.09 0.09 0.03 0.06 0.11 0.11 0.12 0.07 0.11 0.02 0.09 0.1 
anakin:0.06 0.07 0.1 0.1 0.08 0.04 0.14 0.09 0.05 0.13 0.01 0.13 
mushroom:0.06 0.02 0.11 0.07 0.13 0.04 0.09 0.01 0.1 0.17 0.15 0.05 
crash:0.14 0.15 0.0 0.11 0.02 0.1 0.08 0.13 0.06 0.01 0.16 0.04 
all-terrain:0.08 0.08 0.1 0.12 0.1 0.0 0.08 0.04 0.04 0.13 0.14 0.09 
mud:0.1 0.14 0.0 0.07 0.02 0.11 0.11 0.11 0.08 0.09 0.04 0.13 
low-profile:0.18 0.16 0.18 0.02 0.06 0.08 0.13 0.11 0.06 0.01 0.0 0.01 
performance:0.04 0.11 0.14 0.08 0.05 0.07 0.06 0.03 0.12 0.15 0.02 0.13 
2 2 1 1 2 3 1 1 3 3 4 4 1 3 2 1 3 1 2 1 3 3 4 5 3 6 4 2 1 1 1 1 1 2 2 2 1 1 1 1 
0.15 0.1 0.3 0.2 0.1 0.05 0.15 0.1 