5
0.95 3 3
30 90
dirt-slalom-flat:24,4,3
asphalt-straight-hilly:12,14,27
dirt-straight-hilly:15,19,11
asphalt-slalom-hilly:17,21,23
dirt-straight-flat:5,16,1
asphalt-slalom-flat:18,13,30,25,7,29,20,2,8
dirt-slalom-hilly:26,6,22
asphalt-straight-flat:10,9,28
5
mazda:0.07 0.1 0.11 0.04 0.05 0.1 0.1 0.09 0.02 0.12 0.07 0.13 
toyota:0.04 0.05 0.07 0.18 0.0 0.05 0.01 0.14 0.05 0.11 0.15 0.15 
ferarri:0.15 0.09 0.0 0.01 0.03 0.18 0.15 0.02 0.16 0.14 0.03 0.04 
humvee:0.12 0.08 0.11 0.1 0.11 0.07 0.01 0.08 0.13 0.06 0.09 0.04 
go-kart:0.09 0.07 0.08 0.15 0.04 0.12 0.02 0.07 0.14 0.1 0.09 0.03 
5
stig:0.05 0.03 0.12 0.06 0.12 0.04 0.1 0.12 0.15 0.05 0.05 0.11 
schumacher:0.02 0.02 0.04 0.07 0.09 0.03 0.16 0.07 0.09 0.15 0.1 0.16 
anakin:0.12 0.07 0.1 0.13 0.09 0.02 0.12 0.01 0.17 0.03 0.01 0.13 
mushroom:0.13 0.06 0.1 0.06 0.11 0.06 0.06 0.12 0.06 0.04 0.05 0.15 
crash:0.12 0.13 0.05 0.1 0.07 0.1 0.05 0.11 0.11 0.07 0.01 0.08 
all-terrain:0.06 0.13 0.02 0.08 0.09 0.08 0.14 0.09 0.08 0.09 0.11 0.03 
mud:0.09 0.17 0.11 0.08 0.11 0.06 0.05 0.06 0.12 0.03 0.12 0.0 
low-profile:0.11 0.09 0.03 0.0 0.12 0.06 0.1 0.08 0.11 0.12 0.12 0.06 
performance:0.14 0.04 0.06 0.06 0.21 0.02 0.04 0.04 0.23 0.02 0.12 0.02 
2 2 1 1 2 3 1 1 3 3 4 4 1 3 2 1 3 1 2 1 3 3 4 5 3 6 4 2 1 1 1 1 1 2 2 2 1 1 1 1 
0.15 0.1 0.3 0.2 0.1 0.05 0.15 0.1 