5
0.95 3 3
30 90
dirt-slalom-flat:30,26,10
asphalt-straight-hilly:19,8,29
dirt-straight-hilly:12,23,16
asphalt-slalom-hilly:3,5,24
dirt-straight-flat:28,14,13
asphalt-slalom-flat:22,27,21,25,2,1,4,6,17
dirt-slalom-hilly:11,9,20
asphalt-straight-flat:18,7,15
5
mazda:0.1 0.02 0.12 0.0 0.09 0.01 0.1 0.06 0.11 0.16 0.08 0.15 
toyota:0.01 0.04 0.19 0.01 0.06 0.12 0.04 0.04 0.13 0.17 0.08 0.11 
ferarri:0.1 0.1 0.1 0.0 0.0 0.15 0.11 0.05 0.02 0.15 0.15 0.07 
humvee:0.11 0.05 0.08 0.08 0.04 0.03 0.14 0.07 0.15 0.1 0.1 0.05 
go-kart:0.14 0.0 0.13 0.05 0.09 0.02 0.11 0.12 0.08 0.07 0.06 0.13 
5
stig:0.05 0.17 0.03 0.14 0.01 0.15 0.09 0.09 0.03 0.13 0.08 0.03 
schumacher:0.04 0.07 0.14 0.05 0.05 0.05 0.05 0.17 0.13 0.09 0.1 0.06 
anakin:0.1 0.08 0.15 0.05 0.06 0.0 0.14 0.0 0.07 0.16 0.14 0.05 
mushroom:0.03 0.14 0.09 0.16 0.0 0.06 0.08 0.03 0.09 0.03 0.08 0.21 
crash:0.04 0.07 0.11 0.16 0.06 0.04 0.09 0.03 0.1 0.06 0.11 0.13 
all-terrain:0.08 0.1 0.02 0.18 0.15 0.0 0.06 0.06 0.12 0.03 0.07 0.13 
mud:0.0 0.14 0.15 0.06 0.06 0.15 0.01 0.15 0.03 0.1 0.06 0.09 
low-profile:0.02 0.08 0.04 0.08 0.1 0.1 0.12 0.15 0.13 0.14 0.04 0.0 
performance:0.08 0.06 0.11 0.02 0.05 0.09 0.13 0.14 0.05 0.12 0.05 0.1 
2 2 1 1 2 3 1 1 3 3 4 4 1 3 2 1 3 1 2 1 3 3 4 5 3 6 4 2 1 1 1 1 1 2 2 2 1 1 1 1 
0.15 0.1 0.3 0.2 0.1 0.05 0.15 0.1 