5
0.95 3 3
30 90
dirt-slalom-flat:29,20,18
asphalt-straight-hilly:17,19,10
dirt-straight-hilly:13,23,16
asphalt-slalom-hilly:28,22,9
dirt-straight-flat:27,21,15
asphalt-slalom-flat:3,8,26,24,30,12,6,14,1
dirt-slalom-hilly:25,7,4
asphalt-straight-flat:2,5,11
5
mazda:0.01 0.12 0.1 0.12 0.01 0.01 0.13 0.12 0.12 0.02 0.11 0.13 
toyota:0.07 0.03 0.04 0.09 0.04 0.08 0.12 0.09 0.09 0.11 0.1 0.14 
ferarri:0.09 0.1 0.05 0.13 0.04 0.11 0.09 0.03 0.12 0.07 0.09 0.08 
humvee:0.07 0.18 0.19 0.01 0.04 0.02 0.1 0.01 0.12 0.03 0.14 0.09 
go-kart:0.02 0.16 0.13 0.13 0.13 0.1 0.12 0.0 0.12 0.03 0.05 0.01 
5
stig:0.07 0.01 0.05 0.1 0.06 0.07 0.08 0.06 0.09 0.13 0.14 0.14 
schumacher:0.13 0.08 0.13 0.11 0.01 0.13 0.06 0.09 0.11 0.08 0.05 0.02 
anakin:0.11 0.05 0.09 0.06 0.07 0.06 0.08 0.11 0.11 0.1 0.08 0.08 
mushroom:0.09 0.13 0.02 0.1 0.09 0.03 0.11 0.1 0.12 0.07 0.06 0.08 
crash:0.05 0.11 0.03 0.05 0.03 0.15 0.07 0.14 0.12 0.13 0.05 0.07 
all-terrain:0.04 0.13 0.0 0.07 0.04 0.14 0.12 0.03 0.09 0.09 0.07 0.18 
mud:0.05 0.11 0.03 0.13 0.13 0.1 0.15 0.04 0.03 0.16 0.05 0.02 
low-profile:0.07 0.15 0.0 0.06 0.02 0.05 0.13 0.03 0.15 0.15 0.08 0.11 
performance:0.04 0.16 0.01 0.04 0.01 0.17 0.13 0.06 0.05 0.1 0.09 0.14 
2 2 1 1 2 3 1 1 3 3 4 4 1 3 2 1 3 1 2 1 3 3 4 5 3 6 4 2 1 1 1 1 1 2 2 2 1 1 1 1 
0.15 0.1 0.3 0.2 0.1 0.05 0.15 0.1 