5
0.95 3 3
30 90
dirt-slalom-flat:12,16,23
asphalt-straight-hilly:6,21,20
dirt-straight-hilly:2,1,7
asphalt-slalom-hilly:13,22,14
dirt-straight-flat:11,4,19
asphalt-slalom-flat:10,18,28,9,30,17,26,24,29
dirt-slalom-hilly:5,8,25
asphalt-straight-flat:15,3,27
5
mazda:0.12 0.13 0.07 0.09 0.13 0.04 0.06 0.09 0.14 0.06 0.02 0.05 
toyota:0.01 0.12 0.12 0.18 0.12 0.07 0.09 0.03 0.05 0.0 0.03 0.18 
ferarri:0.14 0.03 0.07 0.13 0.13 0.12 0.12 0.07 0.08 0.03 0.0 0.08 
humvee:0.1 0.08 0.06 0.03 0.1 0.1 0.02 0.08 0.04 0.08 0.16 0.15 
go-kart:0.08 0.09 0.12 0.1 0.15 0.05 0.11 0.0 0.0 0.06 0.09 0.15 
5
stig:0.01 0.16 0.11 0.09 0.07 0.12 0.05 0.13 0.13 0.04 0.03 0.06 
schumacher:0.03 0.11 0.08 0.13 0.07 0.03 0.12 0.02 0.08 0.13 0.08 0.12 
anakin:0.09 0.02 0.12 0.05 0.15 0.01 0.12 0.15 0.12 0.11 0.01 0.05 
mushroom:0.09 0.04 0.1 0.12 0.01 0.05 0.15 0.04 0.04 0.15 0.11 0.1 
crash:0.03 0.04 0.14 0.03 0.13 0.16 0.12 0.0 0.01 0.09 0.15 0.1 
all-terrain:0.06 0.07 0.13 0.09 0.08 0.08 0.04 0.11 0.12 0.14 0.05 0.03 
mud:0.06 0.08 0.01 0.14 0.1 0.02 0.14 0.04 0.2 0.13 0.02 0.06 
low-profile:0.14 0.12 0.13 0.13 0.03 0.06 0.11 0.02 0.09 0.05 0.04 0.08 
performance:0.08 0.01 0.0 0.12 0.11 0.15 0.02 0.09 0.17 0.03 0.15 0.07 
2 2 1 1 2 3 1 1 3 3 4 4 1 3 2 1 3 1 2 1 3 3 4 5 3 6 4 2 1 1 1 1 1 2 2 2 1 1 1 1 
0.15 0.1 0.3 0.2 0.1 0.05 0.15 0.1 