5
0.95 3 3
30 90
dirt-slalom-flat:2,9,21
asphalt-straight-hilly:29,24,30
dirt-straight-hilly:1,7,18
asphalt-slalom-hilly:15,19,26
dirt-straight-flat:4,27,14
asphalt-slalom-flat:23,8,28,3,22,13,17,25,5
dirt-slalom-hilly:16,20,6
asphalt-straight-flat:11,10,12
5
mazda:0.01 0.03 0.12 0.07 0.07 0.1 0.06 0.06 0.18 0.05 0.13 0.12 
toyota:0.14 0.04 0.14 0.04 0.15 0.1 0.15 0.1 0.07 0.01 0.0 0.06 
ferarri:0.14 0.1 0.0 0.16 0.08 0.11 0.05 0.15 0.07 0.01 0.01 0.12 
humvee:0.13 0.03 0.06 0.07 0.12 0.03 0.11 0.08 0.12 0.14 0.07 0.04 
go-kart:0.11 0.03 0.02 0.03 0.1 0.14 0.05 0.13 0.15 0.11 0.03 0.1 
5
stig:0.01 0.11 0.12 0.02 0.12 0.08 0.08 0.14 0.1 0.08 0.01 0.13 
schumacher:0.1 0.1 0.07 0.06 0.04 0.11 0.1 0.1 0.16 0.06 0.09 0.01 
anakin:0.0 0.13 0.12 0.04 0.0 0.1 0.13 0.08 0.13 0.1 0.03 0.14 
mushroom:0.1 0.05 0.08 0.04 0.08 0.11 0.09 0.11 0.11 0.1 0.12 0.01 
crash:0.03 0.04 0.13 0.11 0.06 0.13 0.13 0.03 0.09 0.0 0.13 0.12 
all-terrain:0.14 0.07 0.02 0.07 0.12 0.13 0.02 0.0 0.03 0.15 0.14 0.11 
mud:0.13 0.02 0.04 0.12 0.12 0.06 0.02 0.13 0.12 0.15 0.09 0.0 
low-profile:0.01 0.14 0.01 0.11 0.12 0.05 0.09 0.13 0.03 0.04 0.12 0.15 
performance:0.15 0.05 0.02 0.15 0.1 0.11 0.03 0.05 0.15 0.01 0.02 0.16 
2 2 1 1 2 3 1 1 3 3 4 4 1 3 2 1 3 1 2 1 3 3 4 5 3 6 4 2 1 1 1 1 1 2 2 2 1 1 1 1 
0.15 0.1 0.3 0.2 0.1 0.05 0.15 0.1 