5
0.95 3 3
30 90
dirt-slalom-flat:17,29,6
asphalt-straight-hilly:19,2,9
dirt-straight-hilly:5,26,13
asphalt-slalom-hilly:14,15,7
dirt-straight-flat:30,22,18
asphalt-slalom-flat:4,1,16,20,8,10,11,21,27
dirt-slalom-hilly:28,23,12
asphalt-straight-flat:24,3,25
5
mazda:0.01 0.14 0.03 0.13 0.06 0.17 0.08 0.05 0.14 0.09 0.0 0.1 
toyota:0.05 0.17 0.01 0.06 0.01 0.12 0.15 0.03 0.08 0.15 0.11 0.06 
ferarri:0.14 0.08 0.07 0.05 0.11 0.16 0.12 0.07 0.11 0.07 0.02 0.0 
humvee:0.12 0.1 0.07 0.08 0.08 0.04 0.12 0.08 0.06 0.09 0.11 0.05 
go-kart:0.01 0.09 0.12 0.15 0.07 0.08 0.02 0.08 0.14 0.11 0.13 0.0 
5
stig:0.1 0.11 0.06 0.05 0.09 0.12 0.07 0.05 0.03 0.12 0.09 0.11 
schumacher:0.15 0.11 0.02 0.12 0.06 0.02 0.12 0.15 0.05 0.05 0.14 0.01 
anakin:0.02 0.16 0.11 0.1 0.07 0.06 0.05 0.11 0.07 0.11 0.1 0.04 
mushroom:0.05 0.1 0.08 0.09 0.04 0.12 0.15 0.05 0.06 0.1 0.13 0.03 
crash:0.1 0.03 0.05 0.07 0.08 0.19 0.02 0.01 0.05 0.24 0.13 0.03 
all-terrain:0.15 0.04 0.1 0.01 0.16 0.02 0.04 0.1 0.11 0.03 0.12 0.12 
mud:0.12 0.21 0.08 0.14 0.08 0.03 0.1 0.16 0.02 0.0 0.04 0.02 
low-profile:0.04 0.01 0.13 0.21 0.02 0.04 0.09 0.1 0.13 0.07 0.05 0.11 
performance:0.12 0.0 0.1 0.11 0.14 0.11 0.04 0.16 0.07 0.05 0.07 0.03 
2 2 1 1 2 3 1 1 3 3 4 4 1 3 2 1 3 1 2 1 3 3 4 5 3 6 4 2 1 1 1 1 1 2 2 2 1 1 1 1 
0.15 0.1 0.3 0.2 0.1 0.05 0.15 0.1 