5
0.95 3 3
30 90
dirt-slalom-flat:28,8,9
asphalt-straight-hilly:12,20,27
dirt-straight-hilly:29,1,7
asphalt-slalom-hilly:15,5,30
dirt-straight-flat:16,17,24
asphalt-slalom-flat:21,26,19,6,25,14,18,3,10
dirt-slalom-hilly:13,11,4
asphalt-straight-flat:22,23,2
5
mazda:0.02 0.12 0.07 0.04 0.0 0.15 0.06 0.18 0.16 0.15 0.0 0.05 
toyota:0.12 0.11 0.01 0.15 0.16 0.02 0.07 0.08 0.01 0.03 0.08 0.16 
ferarri:0.08 0.11 0.09 0.03 0.11 0.1 0.13 0.12 0.07 0.04 0.04 0.08 
humvee:0.09 0.02 0.11 0.16 0.01 0.01 0.01 0.12 0.08 0.14 0.1 0.15 
go-kart:0.03 0.05 0.02 0.13 0.13 0.01 0.02 0.12 0.09 0.14 0.21 0.05 
5
stig:0.08 0.03 0.08 0.1 0.13 0.12 0.04 0.09 0.08 0.09 0.12 0.04 
schumacher:0.02 0.02 0.03 0.12 0.13 0.13 0.09 0.0 0.2 0.03 0.12 0.11 
anakin:0.15 0.11 0.03 0.11 0.16 0.09 0.08 0.02 0.03 0.06 0.11 0.05 
mushroom:0.12 0.11 0.03 0.12 0.03 0.11 0.06 0.15 0.02 0.07 0.08 0.1 
crash:0.06 0.07 0.03 0.05 0.09 0.06 0.06 0.11 0.04 0.18 0.07 0.18 
all-terrain:0.04 0.07 0.11 0.08 0.06 0.13 0.01 0.09 0.17 0.06 0.03 0.15 
mud:0.15 0.03 0.15 0.08 0.05 0.09 0.13 0.1 0.05 0.03 0.09 0.05 
low-profile:0.09 0.02 0.02 0.07 0.1 0.06 0.12 0.1 0.06 0.08 0.14 0.14 
performance:0.07 0.08 0.06 0.19 0.11 0.11 0.01 0.05 0.16 0.02 0.05 0.09 
2 2 1 1 2 3 1 1 3 3 4 4 1 3 2 1 3 1 2 1 3 3 4 5 3 6 4 2 1 1 1 1 1 2 2 2 1 1 1 1 
0.15 0.1 0.3 0.2 0.1 0.05 0.15 0.1 