5
0.95 3 3
30 90
dirt-slalom-flat:19,2,1
asphalt-straight-hilly:26,29,4
dirt-straight-hilly:25,21,13
asphalt-slalom-hilly:6,18,23
dirt-straight-flat:17,16,5
asphalt-slalom-flat:24,28,3,12,30,7,8,11,15
dirt-slalom-hilly:9,10,14
asphalt-straight-flat:20,22,27
5
mazda:0.04 0.03 0.06 0.11 0.07 0.17 0.09 0.16 0.12 0.12 0.02 0.01 
toyota:0.04 0.14 0.1 0.07 0.1 0.11 0.05 0.05 0.11 0.07 0.06 0.1 
ferarri:0.01 0.05 0.01 0.15 0.15 0.15 0.13 0.13 0.05 0.04 0.11 0.02 
humvee:0.21 0.21 0.12 0.01 0.01 0.04 0.09 0.1 0.0 0.02 0.04 0.15 
go-kart:0.04 0.11 0.05 0.07 0.03 0.14 0.08 0.12 0.14 0.05 0.11 0.06 
5
stig:0.09 0.11 0.11 0.0 0.07 0.05 0.11 0.1 0.03 0.11 0.11 0.11 
schumacher:0.04 0.08 0.05 0.03 0.03 0.2 0.15 0.06 0.13 0.08 0.02 0.13 
anakin:0.05 0.04 0.1 0.08 0.09 0.06 0.06 0.08 0.1 0.1 0.11 0.13 
mushroom:0.16 0.02 0.02 0.09 0.04 0.21 0.2 0.05 0.07 0.08 0.0 0.06 
crash:0.06 0.06 0.03 0.14 0.11 0.09 0.1 0.15 0.13 0.09 0.03 0.01 
all-terrain:0.01 0.11 0.09 0.06 0.02 0.02 0.02 0.09 0.17 0.08 0.16 0.17 
mud:0.04 0.14 0.13 0.1 0.14 0.02 0.0 0.02 0.0 0.2 0.19 0.02 
low-profile:0.11 0.0 0.08 0.03 0.0 0.1 0.11 0.16 0.15 0.08 0.16 0.02 
performance:0.09 0.09 0.12 0.07 0.08 0.13 0.09 0.08 0.15 0.05 0.02 0.03 
2 2 1 1 2 3 1 1 3 3 4 4 1 3 2 1 3 1 2 1 3 3 4 5 3 6 4 2 1 1 1 1 1 2 2 2 1 1 1 1 
0.15 0.1 0.3 0.2 0.1 0.05 0.15 0.1 