5
0.95 3 3
30 90
dirt-slalom-flat:30,13,10
asphalt-straight-hilly:24,22,17
dirt-straight-hilly:28,26,15
asphalt-slalom-hilly:18,19,21
dirt-straight-flat:20,3,29
asphalt-slalom-flat:11,8,1,27,6,2,12,16,9
dirt-slalom-hilly:23,14,7
asphalt-straight-flat:25,5,4
5
mazda:0.02 0.13 0.13 0.04 0.1 0.13 0.01 0.03 0.09 0.11 0.12 0.09 
toyota:0.03 0.03 0.1 0.11 0.11 0.05 0.14 0.07 0.06 0.13 0.12 0.05 
ferarri:0.01 0.01 0.17 0.08 0.07 0.14 0.03 0.15 0.01 0.01 0.16 0.16 
humvee:0.02 0.02 0.1 0.05 0.13 0.17 0.04 0.05 0.18 0.07 0.09 0.08 
go-kart:0.08 0.02 0.09 0.1 0.07 0.13 0.11 0.11 0.07 0.03 0.08 0.11 
5
stig:0.11 0.16 0.08 0.07 0.15 0.07 0.03 0.08 0.1 0.08 0.02 0.05 
schumacher:0.06 0.15 0.05 0.05 0.06 0.17 0.01 0.07 0.07 0.11 0.07 0.13 
anakin:0.12 0.01 0.08 0.04 0.21 0.17 0.04 0.1 0.09 0.06 0.02 0.06 
mushroom:0.12 0.12 0.07 0.12 0.09 0.07 0.01 0.05 0.05 0.11 0.05 0.14 
crash:0.04 0.05 0.08 0.08 0.02 0.01 0.03 0.15 0.16 0.08 0.08 0.22 
all-terrain:0.09 0.04 0.12 0.09 0.06 0.03 0.13 0.12 0.12 0.11 0.0 0.09 
mud:0.1 0.06 0.1 0.11 0.11 0.07 0.05 0.07 0.09 0.1 0.11 0.03 
low-profile:0.14 0.12 0.08 0.06 0.06 0.13 0.03 0.11 0.05 0.11 0.08 0.03 
performance:0.02 0.12 0.02 0.15 0.07 0.04 0.14 0.16 0.1 0.0 0.09 0.09 
2 2 1 1 2 3 1 1 3 3 4 4 1 3 2 1 3 1 2 1 3 3 4 5 3 6 4 2 1 1 1 1 1 2 2 2 1 1 1 1 
0.15 0.1 0.3 0.2 0.1 0.05 0.15 0.1 