5
0.95 3 3
30 90
dirt-slalom-flat:11,20,1
asphalt-straight-hilly:10,17,6
dirt-straight-hilly:7,24,23
asphalt-slalom-hilly:19,2,22
dirt-straight-flat:15,5,8
asphalt-slalom-flat:27,18,3,4,9,25,21,26,28
dirt-slalom-hilly:13,16,30
asphalt-straight-flat:14,29,12
5
mazda:0.02 0.09 0.11 0.05 0.16 0.15 0.03 0.06 0.12 0.03 0.11 0.07 
toyota:0.13 0.15 0.08 0.16 0.06 0.11 0.14 0.04 0.02 0.03 0.04 0.04 
ferarri:0.06 0.16 0.11 0.05 0.04 0.12 0.17 0.05 0.02 0.04 0.04 0.14 
humvee:0.08 0.01 0.13 0.06 0.06 0.09 0.05 0.12 0.03 0.13 0.09 0.15 
go-kart:0.03 0.17 0.16 0.07 0.05 0.04 0.05 0.02 0.15 0.1 0.13 0.03 
5
stig:0.04 0.12 0.03 0.1 0.13 0.04 0.09 0.15 0.03 0.2 0.06 0.01 
schumacher:0.0 0.15 0.08 0.03 0.03 0.14 0.1 0.09 0.1 0.09 0.14 0.05 
anakin:0.12 0.09 0.11 0.13 0.13 0.08 0.05 0.11 0.13 0.0 0.03 0.02 
mushroom:0.05 0.06 0.07 0.15 0.07 0.03 0.18 0.11 0.08 0.12 0.02 0.06 
crash:0.1 0.08 0.05 0.05 0.16 0.02 0.04 0.18 0.15 0.14 0.02 0.01 
all-terrain:0.08 0.01 0.04 0.05 0.08 0.01 0.19 0.04 0.12 0.15 0.04 0.19 
mud:0.22 0.06 0.04 0.04 0.0 0.19 0.03 0.07 0.11 0.04 0.04 0.16 
low-profile:0.01 0.06 0.09 0.12 0.07 0.12 0.05 0.06 0.04 0.15 0.08 0.15 
performance:0.03 0.02 0.09 0.12 0.04 0.09 0.04 0.07 0.12 0.11 0.23 0.04 
2 2 1 1 2 3 1 1 3 3 4 4 1 3 2 1 3 1 2 1 3 3 4 5 3 6 4 2 1 1 1 1 1 2 2 2 1 1 1 1 
0.15 0.1 0.3 0.2 0.1 0.05 0.15 0.1 