5
0.95 3 3
30 90
dirt-slalom-flat:27,29,24
asphalt-straight-hilly:15,14,25
dirt-straight-hilly:26,19,1
asphalt-slalom-hilly:22,6,21
dirt-straight-flat:18,17,20
asphalt-slalom-flat:12,4,23,8,11,7,30,5,9
dirt-slalom-hilly:28,3,13
asphalt-straight-flat:10,2,16
5
mazda:0.04 0.01 0.04 0.1 0.05 0.16 0.09 0.13 0.06 0.12 0.15 0.05 
toyota:0.11 0.06 0.03 0.07 0.05 0.09 0.16 0.12 0.1 0.1 0.01 0.1 
ferarri:0.06 0.06 0.06 0.03 0.11 0.07 0.04 0.14 0.16 0.07 0.09 0.11 
humvee:0.05 0.13 0.15 0.02 0.06 0.11 0.1 0.04 0.04 0.08 0.09 0.13 
go-kart:0.14 0.08 0.08 0.11 0.04 0.03 0.07 0.15 0.11 0.08 0.03 0.08 
5
stig:0.09 0.06 0.13 0.07 0.02 0.07 0.03 0.07 0.15 0.03 0.14 0.14 
schumacher:0.03 0.06 0.1 0.02 0.01 0.13 0.07 0.12 0.15 0.12 0.13 0.06 
anakin:0.13 0.13 0.04 0.06 0.06 0.12 0.08 0.16 0.12 0.03 0.01 0.06 
mushroom:0.01 0.09 0.06 0.08 0.1 0.1 0.15 0.13 0.05 0.06 0.14 0.03 
crash:0.02 0.16 0.11 0.12 0.1 0.06 0.05 0.02 0.01 0.07 0.15 0.13 
all-terrain:0.09 0.0 0.06 0.07 0.07 0.01 0.15 0.09 0.18 0.12 0.1 0.06 
mud:0.13 0.08 0.12 0.15 0.02 0.08 0.08 0.08 0.0 0.06 0.06 0.14 
low-profile:0.04 0.12 0.07 0.1 0.11 0.11 0.09 0.05 0.05 0.08 0.12 0.06 
performance:0.1 0.14 0.06 0.12 0.03 0.06 0.06 0.14 0.11 0.04 0.1 0.04 
2 2 1 1 2 3 1 1 3 3 4 4 1 3 2 1 3 1 2 1 3 3 4 5 3 6 4 2 1 1 1 1 1 2 2 2 1 1 1 1 
0.15 0.1 0.3 0.2 0.1 0.05 0.15 0.1 