5
0.95 3 3
30 90
dirt-slalom-flat:19,28,27
asphalt-straight-hilly:4,16,18
dirt-straight-hilly:24,12,23
asphalt-slalom-hilly:25,7,14
dirt-straight-flat:29,21,3
asphalt-slalom-flat:11,2,8,26,17,22,15,9,10
dirt-slalom-hilly:13,5,20
asphalt-straight-flat:1,6,30
5
mazda:0.13 0.12 0.11 0.14 0.08 0.12 0.06 0.01 0.09 0.04 0.06 0.04 
toyota:0.13 0.09 0.02 0.15 0.04 0.11 0.09 0.06 0.09 0.08 0.03 0.11 
ferarri:0.14 0.02 0.12 0.04 0.03 0.19 0.13 0.17 0.14 0.01 0.01 0.0 
humvee:0.04 0.24 0.0 0.09 0.04 0.11 0.06 0.07 0.06 0.08 0.06 0.15 
go-kart:0.01 0.12 0.13 0.12 0.04 0.06 0.12 0.0 0.1 0.13 0.17 0.0 
5
stig:0.08 0.04 0.08 0.09 0.08 0.15 0.07 0.05 0.0 0.13 0.16 0.07 
schumacher:0.12 0.02 0.16 0.0 0.16 0.12 0.12 0.08 0.07 0.05 0.04 0.06 
anakin:0.08 0.05 0.21 0.01 0.19 0.12 0.08 0.04 0.0 0.0 0.03 0.19 
mushroom:0.08 0.13 0.03 0.11 0.08 0.14 0.12 0.08 0.03 0.06 0.1 0.04 
crash:0.1 0.01 0.11 0.11 0.0 0.04 0.14 0.11 0.09 0.13 0.09 0.07 
all-terrain:0.07 0.09 0.07 0.08 0.13 0.08 0.07 0.05 0.06 0.13 0.16 0.01 
mud:0.16 0.13 0.05 0.11 0.02 0.13 0.12 0.02 0.16 0.05 0.02 0.03 
low-profile:0.09 0.16 0.09 0.07 0.01 0.17 0.08 0.1 0.06 0.03 0.0 0.14 
performance:0.02 0.12 0.1 0.03 0.08 0.02 0.03 0.02 0.17 0.11 0.16 0.14 
2 2 1 1 2 3 1 1 3 3 4 4 1 3 2 1 3 1 2 1 3 3 4 5 3 6 4 2 1 1 1 1 1 2 2 2 1 1 1 1 
0.15 0.1 0.3 0.2 0.1 0.05 0.15 0.1 