5
0.95 3 3
30 90
dirt-slalom-flat:15,27,14
asphalt-straight-hilly:13,2,6
dirt-straight-hilly:9,17,20
asphalt-slalom-hilly:29,28,4
dirt-straight-flat:16,8,10
asphalt-slalom-flat:22,24,19,3,5,25,30,23,21
dirt-slalom-hilly:7,12,11
asphalt-straight-flat:26,1,18
5
mazda:0.07 0.11 0.03 0.16 0.0 0.08 0.16 0.15 0.06 0.01 0.14 0.03 
toyota:0.14 0.01 0.13 0.03 0.07 0.09 0.06 0.13 0.03 0.1 0.12 0.09 
ferarri:0.06 0.1 0.05 0.04 0.07 0.11 0.15 0.17 0.11 0.05 0.04 0.05 
humvee:0.0 0.15 0.06 0.08 0.15 0.03 0.03 0.16 0.09 0.15 0.01 0.09 
go-kart:0.09 0.11 0.11 0.01 0.13 0.12 0.1 0.01 0.08 0.01 0.11 0.12 
5
stig:0.1 0.11 0.09 0.09 0.07 0.11 0.02 0.05 0.08 0.08 0.09 0.11 
schumacher:0.11 0.09 0.11 0.05 0.0 0.12 0.11 0.11 0.13 0.07 0.07 0.03 
anakin:0.14 0.03 0.01 0.11 0.07 0.11 0.14 0.06 0.15 0.08 0.07 0.03 
mushroom:0.01 0.07 0.13 0.07 0.01 0.06 0.14 0.16 0.17 0.03 0.1 0.05 
crash:0.1 0.06 0.02 0.25 0.15 0.09 0.04 0.0 0.04 0.0 0.24 0.01 
all-terrain:0.02 0.06 0.06 0.16 0.1 0.08 0.21 0.06 0.1 0.03 0.08 0.04 
mud:0.08 0.11 0.12 0.04 0.02 0.12 0.1 0.07 0.02 0.09 0.12 0.11 
low-profile:0.07 0.02 0.12 0.05 0.1 0.06 0.12 0.04 0.04 0.09 0.17 0.12 
performance:0.05 0.0 0.11 0.03 0.12 0.11 0.07 0.1 0.04 0.12 0.12 0.13 
2 2 1 1 2 3 1 1 3 3 4 4 1 3 2 1 3 1 2 1 3 3 4 5 3 6 4 2 1 1 1 1 1 2 2 2 1 1 1 1 
0.15 0.1 0.3 0.2 0.1 0.05 0.15 0.1 