5
0.95 3 3
30 90
dirt-slalom-flat:22,14,3
asphalt-straight-hilly:16,6,27
dirt-straight-hilly:24,11,21
asphalt-slalom-hilly:20,1,18
dirt-straight-flat:7,25,28
asphalt-slalom-flat:8,15,29,10,26,12,17,23,4
dirt-slalom-hilly:19,9,30
asphalt-straight-flat:2,5,13
5
mazda:0.12 0.05 0.01 0.08 0.13 0.12 0.09 0.09 0.11 0.01 0.13 0.06 
toyota:0.01 0.05 0.1 0.08 0.09 0.13 0.13 0.11 0.12 0.05 0.04 0.09 
ferarri:0.01 0.0 0.21 0.03 0.06 0.13 0.13 0.01 0.09 0.15 0.12 0.06 
humvee:0.08 0.1 0.13 0.08 0.12 0.0 0.1 0.01 0.14 0.06 0.11 0.07 
go-kart:0.01 0.06 0.04 0.13 0.11 0.13 0.06 0.19 0.07 0.1 0.0 0.1 
5
stig:0.0 0.03 0.06 0.1 0.15 0.06 0.08 0.16 0.04 0.09 0.12 0.11 
schumacher:0.02 0.16 0.0 0.06 0.1 0.09 0.05 0.18 0.05 0.12 0.02 0.15 
anakin:0.07 0.09 0.07 0.02 0.09 0.07 0.1 0.12 0.06 0.14 0.14 0.03 
mushroom:0.13 0.14 0.01 0.15 0.07 0.08 0.07 0.03 0.14 0.1 0.0 0.08 
crash:0.03 0.15 0.02 0.02 0.08 0.03 0.09 0.14 0.14 0.03 0.15 0.12 
all-terrain:0.06 0.18 0.12 0.07 0.17 0.0 0.1 0.09 0.06 0.02 0.05 0.08 
mud:0.17 0.07 0.18 0.14 0.02 0.04 0.01 0.0 0.05 0.06 0.11 0.15 
low-profile:0.02 0.09 0.03 0.06 0.14 0.06 0.14 0.1 0.01 0.13 0.16 0.06 
performance:0.06 0.05 0.03 0.1 0.11 0.14 0.07 0.1 0.05 0.11 0.07 0.11 
2 2 1 1 2 3 1 1 3 3 4 4 1 3 2 1 3 1 2 1 3 3 4 5 3 6 4 2 1 1 1 1 1 2 2 2 1 1 1 1 
0.15 0.1 0.3 0.2 0.1 0.05 0.15 0.1 