5
0.95 3 3
30 90
dirt-slalom-flat:30,8,11
asphalt-straight-hilly:22,16,3
dirt-straight-hilly:1,18,14
asphalt-slalom-hilly:12,26,15
dirt-straight-flat:27,7,13
asphalt-slalom-flat:23,24,28,20,4,29,19,9,10
dirt-slalom-hilly:2,6,17
asphalt-straight-flat:25,21,5
5
mazda:0.04 0.13 0.14 0.13 0.08 0.07 0.13 0.04 0.0 0.14 0.03 0.07 
toyota:0.08 0.08 0.18 0.11 0.06 0.03 0.15 0.04 0.02 0.1 0.02 0.13 
ferarri:0.06 0.12 0.01 0.1 0.13 0.1 0.07 0.01 0.07 0.06 0.13 0.14 
humvee:0.12 0.14 0.09 0.05 0.13 0.09 0.04 0.04 0.07 0.03 0.06 0.14 
go-kart:0.14 0.13 0.07 0.09 0.13 0.1 0.0 0.08 0.1 0.07 0.05 0.04 
5
stig:0.08 0.04 0.16 0.08 0.06 0.14 0.05 0.1 0.05 0.12 0.06 0.06 
schumacher:0.09 0.07 0.09 0.0 0.11 0.16 0.03 0.04 0.1 0.01 0.15 0.15 
anakin:0.06 0.16 0.13 0.06 0.05 0.11 0.06 0.08 0.15 0.1 0.03 0.01 
mushroom:0.08 0.1 0.13 0.05 0.08 0.11 0.05 0.08 0.12 0.07 0.09 0.04 
crash:0.15 0.1 0.02 0.03 0.1 0.0 0.03 0.15 0.15 0.12 0.01 0.14 
all-terrain:0.01 0.1 0.17 0.01 0.05 0.05 0.14 0.14 0.08 0.11 0.12 0.02 
mud:0.01 0.08 0.09 0.07 0.04 0.13 0.05 0.12 0.07 0.13 0.17 0.04 
low-profile:0.11 0.06 0.04 0.12 0.04 0.07 0.13 0.11 0.09 0.04 0.12 0.07 
performance:0.09 0.14 0.15 0.08 0.1 0.0 0.11 0.03 0.09 0.05 0.05 0.11 
2 2 1 1 2 3 1 1 3 3 4 4 1 3 2 1 3 1 2 1 3 3 4 5 3 6 4 2 1 1 1 1 1 2 2 2 1 1 1 1 
0.15 0.1 0.3 0.2 0.1 0.05 0.15 0.1 