5
0.95 3 3
30 90
dirt-slalom-flat:16,24,28
asphalt-straight-hilly:1,30,21
dirt-straight-hilly:10,22,7
asphalt-slalom-hilly:27,15,19
dirt-straight-flat:12,8,3
asphalt-slalom-flat:29,9,2,17,5,26,20,6,23
dirt-slalom-hilly:14,25,11
asphalt-straight-flat:4,18,13
5
mazda:0.15 0.07 0.12 0.01 0.13 0.13 0.0 0.03 0.15 0.02 0.04 0.15 
toyota:0.07 0.12 0.05 0.01 0.14 0.15 0.12 0.12 0.04 0.11 0.04 0.03 
ferarri:0.1 0.14 0.13 0.09 0.02 0.01 0.13 0.08 0.03 0.06 0.11 0.1 
humvee:0.03 0.13 0.02 0.0 0.08 0.12 0.09 0.12 0.05 0.13 0.12 0.11 
go-kart:0.09 0.05 0.09 0.09 0.09 0.03 0.16 0.16 0.04 0.05 0.01 0.14 
5
stig:0.04 0.02 0.15 0.1 0.1 0.11 0.06 0.08 0.1 0.01 0.08 0.15 
schumacher:0.11 0.05 0.09 0.02 0.0 0.15 0.14 0.12 0.11 0.04 0.15 0.02 
anakin:0.07 0.11 0.03 0.06 0.09 0.11 0.14 0.04 0.01 0.11 0.08 0.15 
mushroom:0.05 0.14 0.11 0.05 0.05 0.12 0.08 0.06 0.03 0.08 0.14 0.09 
crash:0.08 0.12 0.0 0.08 0.13 0.04 0.03 0.08 0.07 0.11 0.13 0.13 
all-terrain:0.2 0.04 0.04 0.17 0.01 0.01 0.04 0.1 0.07 0.11 0.07 0.14 
mud:0.11 0.08 0.06 0.07 0.11 0.09 0.08 0.09 0.08 0.13 0.03 0.07 
low-profile:0.04 0.07 0.11 0.02 0.1 0.11 0.1 0.11 0.05 0.12 0.04 0.13 
performance:0.1 0.0 0.16 0.05 0.11 0.17 0.01 0.01 0.05 0.17 0.15 0.02 
2 2 1 1 2 3 1 1 3 3 4 4 1 3 2 1 3 1 2 1 3 3 4 5 3 6 4 2 1 1 1 1 1 2 2 2 1 1 1 1 
0.15 0.1 0.3 0.2 0.1 0.05 0.15 0.1 