5
0.95 3 3
30 90
dirt-slalom-flat:3,19,18
asphalt-straight-hilly:17,14,10
dirt-straight-hilly:11,4,20
asphalt-slalom-hilly:24,26,29
dirt-straight-flat:2,16,13
asphalt-slalom-flat:7,27,30,21,8,9,6,5,23
dirt-slalom-hilly:12,15,28
asphalt-straight-flat:1,25,22
5
mazda:0.03 0.02 0.2 0.02 0.07 0.04 0.06 0.1 0.13 0.11 0.19 0.03 
toyota:0.02 0.13 0.14 0.04 0.05 0.12 0.0 0.12 0.07 0.13 0.14 0.04 
ferarri:0.06 0.13 0.08 0.07 0.08 0.06 0.12 0.04 0.08 0.11 0.14 0.03 
humvee:0.11 0.13 0.1 0.01 0.07 0.11 0.11 0.07 0.05 0.03 0.12 0.09 
go-kart:0.14 0.0 0.12 0.06 0.11 0.13 0.09 0.1 0.02 0.08 0.05 0.1 
5
stig:0.09 0.03 0.1 0.08 0.11 0.03 0.05 0.12 0.12 0.12 0.06 0.09 
schumacher:0.08 0.09 0.04 0.08 0.11 0.11 0.05 0.08 0.1 0.1 0.06 0.1 
anakin:0.05 0.08 0.19 0.15 0.02 0.17 0.03 0.08 0.07 0.03 0.11 0.02 
mushroom:0.04 0.03 0.11 0.1 0.16 0.11 0.1 0.07 0.12 0.05 0.05 0.06 
crash:0.03 0.15 0.04 0.02 0.02 0.13 0.14 0.16 0.03 0.05 0.14 0.09 
all-terrain:0.1 0.15 0.0 0.09 0.03 0.11 0.19 0.12 0.03 0.08 0.03 0.07 
mud:0.14 0.09 0.07 0.12 0.04 0.07 0.1 0.07 0.08 0.11 0.04 0.07 
low-profile:0.14 0.11 0.01 0.14 0.1 0.05 0.04 0.12 0.03 0.06 0.07 0.13 
performance:0.12 0.12 0.06 0.15 0.08 0.14 0.04 0.02 0.14 0.04 0.01 0.08 
2 2 1 1 2 3 1 1 3 3 4 4 1 3 2 1 3 1 2 1 3 3 4 5 3 6 4 2 1 1 1 1 1 2 2 2 1 1 1 1 
0.15 0.1 0.3 0.2 0.1 0.05 0.15 0.1 