5
0.95 3 3
30 90
dirt-slalom-flat:18,14,22
asphalt-straight-hilly:28,13,20
dirt-straight-hilly:16,19,27
asphalt-slalom-hilly:25,6,8
dirt-straight-flat:29,1,30
asphalt-slalom-flat:15,9,23,26,12,7,11,2,10
dirt-slalom-hilly:3,17,4
asphalt-straight-flat:5,24,21
5
mazda:0.04 0.04 0.01 0.02 0.11 0.02 0.15 0.13 0.04 0.15 0.14 0.15 
toyota:0.13 0.01 0.07 0.02 0.14 0.05 0.15 0.09 0.02 0.11 0.14 0.07 
ferarri:0.12 0.17 0.02 0.25 0.0 0.11 0.12 0.03 0.04 0.07 0.01 0.06 
humvee:0.0 0.05 0.0 0.17 0.17 0.14 0.03 0.04 0.02 0.12 0.15 0.11 
go-kart:0.07 0.12 0.1 0.16 0.08 0.12 0.02 0.11 0.02 0.01 0.09 0.1 
5
stig:0.04 0.14 0.07 0.15 0.17 0.05 0.06 0.16 0.01 0.09 0.03 0.03 
schumacher:0.12 0.04 0.18 0.0 0.15 0.01 0.24 0.01 0.02 0.01 0.15 0.07 
anakin:0.14 0.14 0.04 0.15 0.08 0.07 0.02 0.05 0.14 0.12 0.02 0.03 
mushroom:0.09 0.1 0.0 0.02 0.08 0.02 0.1 0.15 0.12 0.1 0.17 0.05 
crash:0.17 0.15 0.09 0.12 0.0 0.13 0.12 0.01 0.02 0.11 0.02 0.06 
all-terrain:0.1 0.08 0.07 0.05 0.0 0.14 0.12 0.08 0.18 0.08 0.03 0.07 
mud:0.16 0.14 0.12 0.05 0.11 0.06 0.0 0.01 0.15 0.01 0.04 0.15 
low-profile:0.15 0.04 0.12 0.03 0.02 0.11 0.06 0.15 0.04 0.14 0.02 0.12 
performance:0.1 0.11 0.08 0.12 0.09 0.09 0.14 0.13 0.11 0.0 0.0 0.03 
2 2 1 1 2 3 1 1 3 3 4 4 1 3 2 1 3 1 2 1 3 3 4 5 3 6 4 2 1 1 1 1 1 2 2 2 1 1 1 1 
0.15 0.1 0.3 0.2 0.1 0.05 0.15 0.1 