5
0.95 3 3
30 90
dirt-slalom-flat:16,28,12
asphalt-straight-hilly:10,21,29
dirt-straight-hilly:26,7,1
asphalt-slalom-hilly:17,14,25
dirt-straight-flat:2,24,11
asphalt-slalom-flat:19,6,8,22,30,3,13,23,4
dirt-slalom-hilly:15,9,27
asphalt-straight-flat:5,18,20
5
mazda:0.15 0.07 0.12 0.1 0.08 0.12 0.05 0.05 0.04 0.12 0.07 0.03 
toyota:0.04 0.2 0.0 0.09 0.08 0.09 0.0 0.11 0.13 0.18 0.02 0.06 
ferarri:0.06 0.12 0.09 0.09 0.06 0.08 0.04 0.08 0.12 0.13 0.03 0.1 
humvee:0.08 0.0 0.13 0.13 0.09 0.09 0.08 0.03 0.12 0.08 0.05 0.12 
go-kart:0.11 0.15 0.07 0.01 0.16 0.02 0.08 0.05 0.11 0.03 0.12 0.09 
5
stig:0.04 0.12 0.08 0.16 0.09 0.06 0.03 0.17 0.05 0.16 0.03 0.01 
schumacher:0.11 0.12 0.11 0.14 0.13 0.07 0.09 0.02 0.13 0.04 0.0 0.04 
anakin:0.1 0.11 0.03 0.08 0.12 0.11 0.07 0.04 0.07 0.13 0.06 0.08 
mushroom:0.07 0.09 0.0 0.03 0.14 0.15 0.05 0.07 0.15 0.1 0.14 0.01 
crash:0.03 0.08 0.03 0.03 0.13 0.14 0.16 0.03 0.17 0.02 0.15 0.03 
all-terrain:0.06 0.11 0.11 0.15 0.05 0.13 0.03 0.03 0.01 0.12 0.11 0.09 
mud:0.07 0.09 0.1 0.11 0.11 0.06 0.11 0.04 0.09 0.07 0.12 0.03 
low-profile:0.13 0.17 0.05 0.11 0.12 0.13 0.0 0.04 0.07 0.05 0.12 0.01 
performance:0.16 0.05 0.14 0.02 0.18 0.05 0.05 0.03 0.12 0.06 0.09 0.05 
2 2 1 1 2 3 1 1 3 3 4 4 1 3 2 1 3 1 2 1 3 3 4 5 3 6 4 2 1 1 1 1 1 2 2 2 1 1 1 1 
0.15 0.1 0.3 0.2 0.1 0.05 0.15 0.1 