5
0.95 3 3
30 90
dirt-slalom-flat:13,1,15
asphalt-straight-hilly:6,11,28
dirt-straight-hilly:27,5,2
asphalt-slalom-hilly:17,10,4
dirt-straight-flat:29,8,25
asphalt-slalom-flat:9,16,7,26,23,18,20,24,22
dirt-slalom-hilly:21,14,3
asphalt-straight-flat:12,30,19
5
mazda:0.05 0.1 0.16 0.08 0.12 0.13 0.02 0.07 0.18 0.01 0.07 0.01 
toyota:0.05 0.12 0.05 0.01 0.16 0.04 0.14 0.06 0.23 0.07 0.07 0.0 
ferarri:0.16 0.06 0.03 0.0 0.06 0.1 0.09 0.06 0.15 0.07 0.14 0.08 
humvee:0.11 0.13 0.02 0.07 0.03 0.13 0.06 0.15 0.16 0.04 0.08 0.02 
go-kart:0.1 0.06 0.06 0.1 0.07 0.08 0.1 0.1 0.12 0.08 0.08 0.05 
5
stig:0.19 0.02 0.06 0.0 0.01 0.06 0.09 0.1 0.11 0.15 0.14 0.07 
schumacher:0.05 0.12 0.1 0.1 0.11 0.02 0.07 0.08 0.08 0.11 0.08 0.08 
anakin:0.07 0.01 0.07 0.08 0.11 0.11 0.07 0.05 0.11 0.14 0.07 0.11 
mushroom:0.02 0.19 0.01 0.14 0.11 0.03 0.02 0.05 0.13 0.13 0.02 0.15 
crash:0.13 0.01 0.1 0.02 0.14 0.12 0.08 0.07 0.06 0.03 0.11 0.13 
all-terrain:0.12 0.1 0.0 0.05 0.08 0.12 0.08 0.0 0.15 0.06 0.12 0.12 
mud:0.13 0.04 0.0 0.01 0.14 0.14 0.0 0.14 0.06 0.05 0.15 0.14 
low-profile:0.09 0.16 0.11 0.06 0.07 0.0 0.16 0.01 0.14 0.03 0.11 0.06 
performance:0.09 0.12 0.11 0.12 0.02 0.05 0.04 0.03 0.13 0.09 0.12 0.08 
2 2 1 1 2 3 1 1 3 3 4 4 1 3 2 1 3 1 2 1 3 3 4 5 3 6 4 2 1 1 1 1 1 2 2 2 1 1 1 1 
0.15 0.1 0.3 0.2 0.1 0.05 0.15 0.1 