5
0.95 3 3
30 90
dirt-slalom-flat:24,8,20
asphalt-straight-hilly:29,27,3
dirt-straight-hilly:17,1,28
asphalt-slalom-hilly:30,16,12
dirt-straight-flat:5,6,4
asphalt-slalom-flat:26,10,13,23,2,21,25,14,11
dirt-slalom-hilly:15,19,7
asphalt-straight-flat:22,18,9
5
mazda:0.08 0.12 0.06 0.06 0.12 0.06 0.04 0.07 0.04 0.11 0.13 0.11 
toyota:0.07 0.06 0.11 0.05 0.1 0.12 0.03 0.11 0.12 0.16 0.01 0.06 
ferarri:0.05 0.06 0.06 0.09 0.06 0.06 0.06 0.12 0.12 0.08 0.12 0.12 
humvee:0.05 0.02 0.14 0.09 0.13 0.15 0.08 0.08 0.06 0.16 0.03 0.01 
go-kart:0.0 0.0 0.08 0.11 0.14 0.06 0.08 0.11 0.14 0.08 0.13 0.07 
5
stig:0.04 0.12 0.0 0.14 0.15 0.09 0.13 0.05 0.15 0.04 0.09 0.0 
schumacher:0.02 0.05 0.07 0.16 0.1 0.2 0.06 0.1 0.01 0.16 0.0 0.07 
anakin:0.13 0.04 0.04 0.1 0.22 0.04 0.01 0.03 0.09 0.14 0.06 0.1 
mushroom:0.08 0.03 0.18 0.08 0.01 0.14 0.04 0.14 0.13 0.0 0.15 0.02 
crash:0.12 0.05 0.13 0.19 0.04 0.08 0.05 0.09 0.01 0.06 0.1 0.08 
all-terrain:0.06 0.1 0.14 0.01 0.08 0.12 0.07 0.15 0.01 0.03 0.16 0.07 
mud:0.13 0.05 0.08 0.05 0.0 0.14 0.05 0.16 0.07 0.08 0.04 0.15 
low-profile:0.09 0.13 0.13 0.11 0.07 0.03 0.08 0.1 0.02 0.02 0.13 0.09 
performance:0.0 0.19 0.09 0.0 0.03 0.02 0.19 0.11 0.23 0.09 0.01 0.04 
2 2 1 1 2 3 1 1 3 3 4 4 1 3 2 1 3 1 2 1 3 3 4 5 3 6 4 2 1 1 1 1 1 2 2 2 1 1 1 1 
0.15 0.1 0.3 0.2 0.1 0.05 0.15 0.1 