5
0.95 3 3
30 90
dirt-slalom-flat:23,5,14
asphalt-straight-hilly:11,28,9
dirt-straight-hilly:25,15,22
asphalt-slalom-hilly:18,3,19
dirt-straight-flat:12,20,2
asphalt-slalom-flat:13,30,16,8,6,7,10,21,24
dirt-slalom-hilly:29,27,1
asphalt-straight-flat:26,4,17
5
mazda:0.15 0.01 0.09 0.08 0.12 0.04 0.1 0.08 0.11 0.07 0.06 0.09 
toyota:0.12 0.04 0.11 0.04 0.12 0.13 0.04 0.09 0.04 0.13 0.11 0.03 
ferarri:0.04 0.12 0.12 0.1 0.12 0.07 0.02 0.11 0.07 0.11 0.04 0.08 
humvee:0.13 0.07 0.1 0.1 0.07 0.08 0.08 0.08 0.13 0.1 0.01 0.05 
go-kart:0.11 0.05 0.04 0.12 0.12 0.09 0.05 0.12 0.12 0.11 0.07 0.0 
5
stig:0.03 0.13 0.06 0.12 0.09 0.13 0.09 0.06 0.05 0.1 0.01 0.13 
schumacher:0.08 0.08 0.11 0.07 0.06 0.02 0.16 0.02 0.07 0.1 0.12 0.11 
anakin:0.1 0.02 0.06 0.15 0.08 0.12 0.02 0.08 0.03 0.13 0.11 0.1 
mushroom:0.09 0.18 0.12 0.08 0.12 0.06 0.01 0.01 0.14 0.03 0.08 0.08 
crash:0.04 0.1 0.13 0.02 0.06 0.06 0.1 0.08 0.14 0.12 0.13 0.02 
all-terrain:0.1 0.06 0.1 0.07 0.04 0.05 0.14 0.02 0.09 0.08 0.15 0.1 
mud:0.05 0.1 0.1 0.11 0.14 0.08 0.07 0.08 0.07 0.02 0.11 0.07 
low-profile:0.02 0.12 0.15 0.14 0.08 0.07 0.03 0.04 0.08 0.14 0.12 0.01 
performance:0.07 0.03 0.16 0.02 0.07 0.01 0.17 0.06 0.14 0.09 0.17 0.01 
2 2 1 1 2 3 1 1 3 3 4 4 1 3 2 1 3 1 2 1 3 3 4 5 3 6 4 2 1 1 1 1 1 2 2 2 1 1 1 1 
0.15 0.1 0.3 0.2 0.1 0.05 0.15 0.1 