5
0.95 3 3
30 90
dirt-slalom-flat:30,3,25
asphalt-straight-hilly:14,4,29
dirt-straight-hilly:9,24,28
asphalt-slalom-hilly:6,12,17
dirt-straight-flat:19,15,5
asphalt-slalom-flat:20,21,11,8,23,2,7,22,18
dirt-slalom-hilly:13,26,10
asphalt-straight-flat:16,27,1
5
mazda:0.03 0.05 0.0 0.12 0.11 0.04 0.04 0.19 0.04 0.08 0.16 0.14 
toyota:0.03 0.13 0.13 0.12 0.03 0.07 0.14 0.07 0.04 0.08 0.09 0.07 
ferarri:0.06 0.05 0.16 0.04 0.0 0.03 0.19 0.03 0.05 0.17 0.05 0.17 
humvee:0.0 0.16 0.05 0.16 0.04 0.07 0.13 0.04 0.07 0.12 0.07 0.09 
go-kart:0.11 0.06 0.12 0.04 0.07 0.08 0.09 0.08 0.11 0.1 0.03 0.11 
5
stig:0.05 0.01 0.11 0.09 0.11 0.05 0.08 0.12 0.08 0.09 0.08 0.13 
schumacher:0.13 0.07 0.04 0.08 0.14 0.02 0.13 0.12 0.1 0.12 0.03 0.02 
anakin:0.11 0.0 0.12 0.14 0.06 0.14 0.07 0.15 0.04 0.11 0.03 0.03 
mushroom:0.11 0.05 0.09 0.14 0.14 0.02 0.08 0.08 0.11 0.1 0.05 0.03 
crash:0.15 0.02 0.15 0.08 0.08 0.12 0.05 0.05 0.17 0.01 0.07 0.05 
all-terrain:0.04 0.17 0.05 0.16 0.05 0.04 0.14 0.18 0.0 0.01 0.14 0.02 
mud:0.17 0.15 0.07 0.02 0.0 0.15 0.02 0.01 0.04 0.13 0.11 0.13 
low-profile:0.05 0.12 0.03 0.05 0.06 0.09 0.12 0.13 0.12 0.06 0.03 0.14 
performance:0.08 0.14 0.12 0.02 0.01 0.11 0.03 0.12 0.15 0.07 0.12 0.03 
2 2 1 1 2 3 1 1 3 3 4 4 1 3 2 1 3 1 2 1 3 3 4 5 3 6 4 2 1 1 1 1 1 2 2 2 1 1 1 1 
0.15 0.1 0.3 0.2 0.1 0.05 0.15 0.1 