5
0.95 3 3
30 90
dirt-slalom-flat:16,1,19
asphalt-straight-hilly:17,13,10
dirt-straight-hilly:29,6,18
asphalt-slalom-hilly:4,11,2
dirt-straight-flat:7,24,5
asphalt-slalom-flat:27,15,23,3,8,14,28,21,30
dirt-slalom-hilly:26,9,12
asphalt-straight-flat:22,20,25
5
mazda:0.03 0.02 0.1 0.07 0.23 0.23 0.01 0.01 0.05 0.14 0.07 0.04 
toyota:0.11 0.06 0.12 0.12 0.07 0.12 0.02 0.11 0.11 0.05 0.06 0.05 
ferarri:0.08 0.12 0.14 0.04 0.04 0.13 0.03 0.05 0.06 0.12 0.03 0.16 
humvee:0.13 0.06 0.01 0.15 0.14 0.11 0.04 0.05 0.11 0.11 0.08 0.01 
go-kart:0.16 0.17 0.15 0.03 0.06 0.01 0.08 0.11 0.03 0.05 0.09 0.06 
5
stig:0.11 0.03 0.12 0.04 0.04 0.19 0.11 0.06 0.07 0.17 0.05 0.01 
schumacher:0.2 0.03 0.12 0.16 0.15 0.08 0.0 0.02 0.03 0.0 0.18 0.03 
anakin:0.02 0.09 0.05 0.15 0.04 0.13 0.08 0.13 0.09 0.1 0.12 0.0 
mushroom:0.06 0.02 0.05 0.04 0.13 0.09 0.13 0.04 0.11 0.15 0.13 0.05 
crash:0.02 0.03 0.12 0.1 0.1 0.1 0.14 0.05 0.05 0.13 0.09 0.07 
all-terrain:0.13 0.11 0.14 0.06 0.05 0.08 0.07 0.03 0.03 0.05 0.12 0.13 
mud:0.15 0.12 0.05 0.13 0.0 0.08 0.11 0.0 0.11 0.06 0.05 0.14 
low-profile:0.08 0.1 0.11 0.03 0.14 0.02 0.02 0.08 0.14 0.03 0.08 0.17 
performance:0.04 0.06 0.02 0.06 0.11 0.14 0.12 0.04 0.07 0.15 0.04 0.15 
2 2 1 1 2 3 1 1 3 3 4 4 1 3 2 1 3 1 2 1 3 3 4 5 3 6 4 2 1 1 1 1 1 2 2 2 1 1 1 1 
0.15 0.1 0.3 0.2 0.1 0.05 0.15 0.1 