5
0.95 3 3
30 90
dirt-slalom-flat:4,3,29
asphalt-straight-hilly:19,1,6
dirt-straight-hilly:30,8,16
asphalt-slalom-hilly:23,2,21
dirt-straight-flat:9,7,20
asphalt-slalom-flat:10,5,18,22,24,15,27,26,13
dirt-slalom-hilly:12,11,28
asphalt-straight-flat:14,25,17
5
mazda:0.04 0.05 0.15 0.17 0.03 0.0 0.02 0.07 0.18 0.05 0.11 0.13 
toyota:0.08 0.12 0.11 0.02 0.1 0.05 0.12 0.06 0.05 0.09 0.09 0.11 
ferarri:0.17 0.15 0.05 0.09 0.04 0.07 0.05 0.02 0.09 0.05 0.09 0.13 
humvee:0.14 0.13 0.02 0.09 0.01 0.05 0.1 0.14 0.01 0.08 0.15 0.08 
go-kart:0.15 0.13 0.11 0.15 0.02 0.03 0.01 0.0 0.04 0.16 0.14 0.06 
5
stig:0.06 0.03 0.06 0.1 0.14 0.05 0.13 0.05 0.14 0.06 0.15 0.03 
schumacher:0.13 0.04 0.1 0.05 0.07 0.09 0.09 0.09 0.08 0.08 0.08 0.1 
anakin:0.06 0.1 0.05 0.11 0.02 0.11 0.08 0.11 0.11 0.1 0.1 0.05 
mushroom:0.14 0.11 0.08 0.07 0.06 0.08 0.11 0.0 0.03 0.06 0.09 0.17 
crash:0.09 0.03 0.1 0.12 0.12 0.03 0.1 0.05 0.08 0.06 0.1 0.12 
all-terrain:0.13 0.09 0.03 0.07 0.14 0.01 0.21 0.02 0.2 0.06 0.01 0.03 
mud:0.12 0.05 0.09 0.13 0.04 0.12 0.03 0.07 0.04 0.12 0.07 0.12 
low-profile:0.11 0.03 0.06 0.01 0.16 0.02 0.01 0.1 0.13 0.14 0.16 0.07 
performance:0.07 0.06 0.01 0.1 0.12 0.11 0.09 0.04 0.1 0.05 0.1 0.15 
2 2 1 1 2 3 1 1 3 3 4 4 1 3 2 1 3 1 2 1 3 3 4 5 3 6 4 2 1 1 1 1 1 2 2 2 1 1 1 1 
0.15 0.1 0.3 0.2 0.1 0.05 0.15 0.1 