5
0.95 3 3
30 90
dirt-slalom-flat:15,13,27
asphalt-straight-hilly:5,17,8
dirt-straight-hilly:26,14,6
asphalt-slalom-hilly:25,23,20
dirt-straight-flat:28,19,18
asphalt-slalom-flat:10,24,11,7,30,2,16,21,9
dirt-slalom-hilly:12,1,4
asphalt-straight-flat:29,22,3
5
mazda:0.09 0.14 0.01 0.06 0.02 0.05 0.15 0.15 0.04 0.12 0.12 0.05 
toyota:0.01 0.01 0.08 0.2 0.11 0.05 0.08 0.07 0.11 0.06 0.15 0.07 
ferarri:0.09 0.14 0.09 0.05 0.03 0.0 0.09 0.07 0.01 0.28 0.05 0.1 
humvee:0.05 0.13 0.06 0.1 0.1 0.06 0.12 0.06 0.11 0.12 0.07 0.02 
go-kart:0.0 0.06 0.1 0.14 0.08 0.16 0.09 0.09 0.1 0.02 0.06 0.1 
5
stig:0.12 0.16 0.01 0.14 0.09 0.08 0.04 0.12 0.01 0.16 0.0 0.07 
schumacher:0.12 0.03 0.08 0.07 0.04 0.14 0.08 0.1 0.02 0.12 0.08 0.12 
anakin:0.16 0.08 0.12 0.11 0.03 0.1 0.02 0.15 0.14 0.01 0.05 0.03 
mushroom:0.06 0.04 0.09 0.14 0.11 0.08 0.02 0.13 0.07 0.14 0.06 0.06 
crash:0.01 0.13 0.1 0.1 0.12 0.1 0.09 0.03 0.12 0.02 0.09 0.09 
all-terrain:0.12 0.08 0.2 0.01 0.14 0.05 0.07 0.09 0.03 0.04 0.13 0.04 
mud:0.02 0.1 0.05 0.11 0.09 0.04 0.06 0.11 0.13 0.12 0.13 0.04 
low-profile:0.1 0.16 0.11 0.08 0.1 0.06 0.07 0.15 0.09 0.0 0.0 0.08 
performance:0.06 0.12 0.13 0.14 0.01 0.01 0.05 0.04 0.06 0.14 0.14 0.1 
2 2 1 1 2 3 1 1 3 3 4 4 1 3 2 1 3 1 2 1 3 3 4 5 3 6 4 2 1 1 1 1 1 2 2 2 1 1 1 1 
0.15 0.1 0.3 0.2 0.1 0.05 0.15 0.1 