5
0.95 3 3
30 90
dirt-slalom-flat:20,14,22
asphalt-straight-hilly:16,26,29
dirt-straight-hilly:9,27,15
asphalt-slalom-hilly:5,10,11
dirt-straight-flat:1,21,24
asphalt-slalom-flat:28,23,8,7,17,2,19,12,13
dirt-slalom-hilly:3,30,18
asphalt-straight-flat:25,4,6
5
mazda:0.08 0.1 0.05 0.01 0.01 0.01 0.23 0.17 0.06 0.11 0.03 0.14 
toyota:0.07 0.06 0.06 0.11 0.13 0.08 0.13 0.16 0.12 0.02 0.04 0.02 
ferarri:0.09 0.16 0.02 0.11 0.06 0.15 0.05 0.16 0.1 0.0 0.09 0.01 
humvee:0.1 0.14 0.08 0.06 0.03 0.1 0.1 0.04 0.01 0.09 0.14 0.11 
go-kart:0.14 0.14 0.1 0.01 0.1 0.14 0.02 0.19 0.03 0.0 0.06 0.07 
5
stig:0.1 0.01 0.04 0.13 0.01 0.11 0.01 0.14 0.18 0.12 0.0 0.15 
schumacher:0.13 0.01 0.01 0.09 0.07 0.15 0.17 0.15 0.14 0.06 0.01 0.01 
anakin:0.07 0.01 0.11 0.12 0.1 0.12 0.11 0.02 0.08 0.06 0.08 0.12 
mushroom:0.12 0.1 0.03 0.11 0.09 0.08 0.05 0.13 0.06 0.02 0.11 0.1 
crash:0.05 0.1 0.09 0.11 0.17 0.0 0.06 0.15 0.12 0.06 0.04 0.05 
all-terrain:0.08 0.05 0.06 0.14 0.14 0.14 0.02 0.07 0.02 0.01 0.13 0.14 
mud:0.11 0.07 0.09 0.06 0.13 0.08 0.05 0.09 0.04 0.03 0.12 0.13 
low-profile:0.09 0.03 0.0 0.11 0.11 0.01 0.09 0.13 0.1 0.08 0.13 0.12 
performance:0.14 0.01 0.08 0.08 0.17 0.08 0.03 0.01 0.06 0.15 0.09 0.1 
2 2 1 1 2 3 1 1 3 3 4 4 1 3 2 1 3 1 2 1 3 3 4 5 3 6 4 2 1 1 1 1 1 2 2 2 1 1 1 1 
0.15 0.1 0.3 0.2 0.1 0.05 0.15 0.1 