5
0.95 3 3
30 90
dirt-slalom-flat:1,2,6
asphalt-straight-hilly:25,29,28
dirt-straight-hilly:17,22,11
asphalt-slalom-hilly:21,19,24
dirt-straight-flat:13,10,4
asphalt-slalom-flat:8,15,9,23,7,26,12,16,14
dirt-slalom-hilly:18,20,3
asphalt-straight-flat:27,5,30
5
mazda:0.09 0.08 0.11 0.1 0.05 0.07 0.17 0.1 0.07 0.12 0.03 0.01 
toyota:0.07 0.03 0.01 0.05 0.09 0.13 0.02 0.15 0.1 0.15 0.13 0.07 
ferarri:0.15 0.06 0.07 0.18 0.03 0.12 0.07 0.06 0.03 0.12 0.09 0.02 
humvee:0.09 0.11 0.12 0.01 0.12 0.0 0.18 0.06 0.15 0.02 0.01 0.13 
go-kart:0.17 0.09 0.02 0.08 0.12 0.05 0.01 0.08 0.05 0.14 0.07 0.12 
5
stig:0.03 0.0 0.03 0.15 0.05 0.01 0.04 0.16 0.08 0.17 0.12 0.16 
schumacher:0.1 0.02 0.03 0.19 0.03 0.1 0.11 0.08 0.13 0.01 0.05 0.15 
anakin:0.04 0.16 0.02 0.08 0.07 0.12 0.03 0.1 0.07 0.02 0.17 0.12 
mushroom:0.05 0.16 0.04 0.11 0.14 0.12 0.01 0.13 0.02 0.15 0.01 0.06 
crash:0.11 0.17 0.18 0.2 0.07 0.04 0.06 0.04 0.06 0.02 0.02 0.03 
all-terrain:0.0 0.05 0.08 0.14 0.03 0.13 0.13 0.03 0.08 0.1 0.15 0.08 
mud:0.03 0.14 0.1 0.09 0.07 0.01 0.09 0.1 0.06 0.13 0.15 0.03 
low-profile:0.2 0.05 0.09 0.09 0.05 0.07 0.08 0.1 0.05 0.01 0.01 0.2 
performance:0.06 0.05 0.07 0.04 0.16 0.18 0.04 0.07 0.05 0.17 0.07 0.04 
2 2 1 1 2 3 1 1 3 3 4 4 1 3 2 1 3 1 2 1 3 3 4 5 3 6 4 2 1 1 1 1 1 2 2 2 1 1 1 1 
0.15 0.1 0.3 0.2 0.1 0.05 0.15 0.1 