5
0.95 3 3
30 90
dirt-slalom-flat:20,29,12
asphalt-straight-hilly:25,19,10
dirt-straight-hilly:18,14,21
asphalt-slalom-hilly:28,9,4
dirt-straight-flat:30,22,26
asphalt-slalom-flat:27,1,6,13,23,7,3,8,24
dirt-slalom-hilly:2,16,5
asphalt-straight-flat:11,15,17
5
mazda:0.13 0.01 0.1 0.02 0.03 0.15 0.14 0.07 0.13 0.1 0.06 0.06 
toyota:0.08 0.15 0.12 0.03 0.06 0.09 0.12 0.04 0.07 0.17 0.04 0.03 
ferarri:0.12 0.11 0.08 0.12 0.11 0.06 0.05 0.08 0.14 0.06 0.03 0.04 
humvee:0.04 0.1 0.1 0.15 0.12 0.08 0.09 0.01 0.14 0.0 0.03 0.14 
go-kart:0.05 0.01 0.13 0.04 0.06 0.12 0.04 0.09 0.14 0.07 0.13 0.12 
5
stig:0.08 0.15 0.17 0.08 0.01 0.0 0.03 0.05 0.12 0.07 0.17 0.07 
schumacher:0.1 0.04 0.1 0.08 0.11 0.07 0.11 0.1 0.09 0.01 0.1 0.09 
anakin:0.04 0.01 0.17 0.17 0.13 0.11 0.06 0.04 0.04 0.02 0.05 0.16 
mushroom:0.05 0.05 0.03 0.12 0.08 0.13 0.12 0.1 0.08 0.11 0.12 0.01 
crash:0.03 0.1 0.11 0.09 0.11 0.1 0.09 0.09 0.11 0.08 0.07 0.02 
all-terrain:0.12 0.08 0.1 0.15 0.05 0.14 0.08 0.01 0.03 0.11 0.04 0.09 
mud:0.01 0.08 0.03 0.09 0.11 0.13 0.07 0.07 0.09 0.04 0.11 0.17 
low-profile:0.08 0.01 0.14 0.04 0.12 0.06 0.05 0.1 0.13 0.07 0.09 0.11 
performance:0.08 0.1 0.04 0.02 0.13 0.08 0.04 0.02 0.09 0.12 0.12 0.16 
2 2 1 1 2 3 1 1 3 3 4 4 1 3 2 1 3 1 2 1 3 3 4 5 3 6 4 2 1 1 1 1 1 2 2 2 1 1 1 1 
0.15 0.1 0.3 0.2 0.1 0.05 0.15 0.1 