5
0.95 3 3
30 90
dirt-slalom-flat:27,29,3
asphalt-straight-hilly:19,8,15
dirt-straight-hilly:20,23,22
asphalt-slalom-hilly:30,6,10
dirt-straight-flat:14,5,12
asphalt-slalom-flat:9,2,13,11,28,1,16,25,4
dirt-slalom-hilly:7,24,18
asphalt-straight-flat:21,26,17
5
mazda:0.11 0.15 0.18 0.01 0.09 0.11 0.09 0.08 0.03 0.04 0.05 0.06 
toyota:0.07 0.04 0.16 0.01 0.06 0.14 0.1 0.1 0.12 0.04 0.04 0.12 
ferarri:0.13 0.1 0.05 0.15 0.13 0.02 0.09 0.07 0.06 0.05 0.02 0.13 
humvee:0.13 0.03 0.04 0.08 0.04 0.11 0.07 0.03 0.11 0.12 0.12 0.12 
go-kart:0.02 0.11 0.07 0.16 0.0 0.17 0.08 0.11 0.05 0.05 0.09 0.09 
5
stig:0.11 0.07 0.09 0.06 0.11 0.15 0.05 0.09 0.02 0.14 0.07 0.04 
schumacher:0.12 0.04 0.07 0.14 0.16 0.05 0.05 0.09 0.05 0.0 0.08 0.15 
anakin:0.08 0.16 0.18 0.16 0.15 0.06 0.02 0.04 0.03 0.0 0.11 0.01 
mushroom:0.18 0.01 0.05 0.01 0.02 0.19 0.02 0.19 0.08 0.07 0.08 0.1 
crash:0.05 0.11 0.13 0.02 0.11 0.12 0.0 0.11 0.06 0.14 0.13 0.02 
all-terrain:0.08 0.01 0.02 0.0 0.16 0.1 0.05 0.15 0.1 0.09 0.12 0.12 
mud:0.09 0.08 0.08 0.07 0.04 0.1 0.1 0.1 0.12 0.07 0.1 0.05 
low-profile:0.09 0.08 0.07 0.06 0.08 0.06 0.04 0.14 0.1 0.09 0.12 0.07 
performance:0.11 0.05 0.03 0.06 0.19 0.03 0.15 0.06 0.14 0.0 0.17 0.01 
2 2 1 1 2 3 1 1 3 3 4 4 1 3 2 1 3 1 2 1 3 3 4 5 3 6 4 2 1 1 1 1 1 2 2 2 1 1 1 1 
0.15 0.1 0.3 0.2 0.1 0.05 0.15 0.1 