5
0.95 3 3
30 90
dirt-slalom-flat:2,13,1
asphalt-straight-hilly:17,14,9
dirt-straight-hilly:26,15,12
asphalt-slalom-hilly:16,28,19
dirt-straight-flat:27,3,10
asphalt-slalom-flat:24,4,23,22,30,18,7,20,8
dirt-slalom-hilly:11,5,29
asphalt-straight-flat:25,6,21
5
mazda:0.07 0.05 0.13 0.04 0.09 0.15 0.06 0.11 0.13 0.12 0.05 0.0 
toyota:0.07 0.14 0.11 0.01 0.07 0.02 0.13 0.08 0.05 0.15 0.0 0.17 
ferarri:0.03 0.08 0.09 0.14 0.01 0.16 0.04 0.13 0.11 0.07 0.01 0.13 
humvee:0.12 0.14 0.12 0.03 0.06 0.15 0.08 0.15 0.1 0.04 0.0 0.01 
go-kart:0.02 0.12 0.05 0.08 0.11 0.05 0.13 0.11 0.12 0.02 0.07 0.12 
5
stig:0.06 0.03 0.12 0.06 0.08 0.09 0.16 0.09 0.06 0.1 0.14 0.01 
schumacher:0.11 0.1 0.04 0.12 0.13 0.04 0.05 0.12 0.13 0.06 0.06 0.04 
anakin:0.0 0.12 0.03 0.04 0.14 0.13 0.08 0.14 0.12 0.15 0.03 0.02 
mushroom:0.05 0.21 0.02 0.03 0.17 0.16 0.07 0.08 0.14 0.0 0.03 0.04 
crash:0.11 0.09 0.11 0.06 0.06 0.09 0.12 0.05 0.12 0.05 0.05 0.09 
all-terrain:0.08 0.11 0.12 0.07 0.08 0.09 0.07 0.11 0.02 0.11 0.02 0.12 
mud:0.11 0.04 0.07 0.04 0.1 0.1 0.05 0.01 0.08 0.12 0.15 0.13 
low-profile:0.12 0.13 0.13 0.06 0.08 0.12 0.14 0.03 0.0 0.02 0.08 0.09 
performance:0.05 0.08 0.12 0.16 0.15 0.18 0.03 0.04 0.05 0.1 0.02 0.02 
2 2 1 1 2 3 1 1 3 3 4 4 1 3 2 1 3 1 2 1 3 3 4 5 3 6 4 2 1 1 1 1 1 2 2 2 1 1 1 1 
0.15 0.1 0.3 0.2 0.1 0.05 0.15 0.1 