5
0.95 3 3
30 90
dirt-slalom-flat:18,6,16
asphalt-straight-hilly:30,15,27
dirt-straight-hilly:4,2,10
asphalt-slalom-hilly:29,19,3
dirt-straight-flat:8,1,5
asphalt-slalom-flat:20,14,28,26,13,7,17,23,12
dirt-slalom-hilly:22,21,9
asphalt-straight-flat:25,11,24
5
mazda:0.14 0.08 0.06 0.16 0.15 0.05 0.11 0.03 0.05 0.03 0.02 0.12 
toyota:0.13 0.09 0.02 0.12 0.08 0.08 0.08 0.01 0.13 0.12 0.07 0.07 
ferarri:0.11 0.04 0.04 0.05 0.09 0.06 0.09 0.1 0.13 0.1 0.1 0.09 
humvee:0.11 0.08 0.07 0.11 0.06 0.1 0.11 0.02 0.04 0.09 0.08 0.13 
go-kart:0.14 0.08 0.05 0.04 0.08 0.08 0.14 0.14 0.07 0.05 0.11 0.02 
5
stig:0.01 0.16 0.09 0.14 0.12 0.09 0.08 0.05 0.04 0.04 0.09 0.09 
schumacher:0.13 0.01 0.19 0.06 0.03 0.09 0.03 0.07 0.08 0.03 0.08 0.2 
anakin:0.19 0.08 0.04 0.08 0.15 0.01 0.02 0.08 0.01 0.1 0.13 0.11 
mushroom:0.15 0.02 0.08 0.09 0.06 0.04 0.05 0.02 0.12 0.15 0.13 0.09 
crash:0.03 0.0 0.12 0.08 0.11 0.13 0.09 0.13 0.1 0.15 0.02 0.04 
all-terrain:0.11 0.02 0.01 0.02 0.05 0.17 0.14 0.07 0.12 0.1 0.09 0.1 
mud:0.03 0.11 0.12 0.01 0.18 0.02 0.07 0.02 0.07 0.07 0.16 0.14 
low-profile:0.04 0.14 0.14 0.08 0.16 0.07 0.02 0.04 0.13 0.07 0.01 0.1 
performance:0.02 0.13 0.13 0.07 0.1 0.05 0.11 0.14 0.11 0.04 0.04 0.06 
2 2 1 1 2 3 1 1 3 3 4 4 1 3 2 1 3 1 2 1 3 3 4 5 3 6 4 2 1 1 1 1 1 2 2 2 1 1 1 1 
0.15 0.1 0.3 0.2 0.1 0.05 0.15 0.1 